# EMCCD raw fluorescence data file (1 ions, 2 traces)
# trace names: 'carrier dopp cool' 'carrier SB cool'
# format:
# | signalSlot | countcycle 1 .....
# |            | trace 0 | trace 1 |
# |            | ion 0   | ion 0   |
0	35	193.75	207	214.5	200	179.25	208	193	185.5	195.75	187.75	212.75	183	205	187	193	188	193.25	194	218.5	179.25	164.75	213.5	205.75	188.25	179.5	202	190.75	193.25	184.5	207	190.75	202.75	202.5	191.75	169.75	183.25	186.5	201.75	179.5	180.5	178.25	213	185.5	214	185	168	203	206.5	213	202.5	199.75	180.75	182	197.25	210.25	209	195.25	187.5	190	180.75	205.75	195.25	180.75	211.5	194.25	184	215.25	174.75	209.75	173.75	
2.1e-006	35	198.75	196.25	165.25	194	207	119.5	195	186.75	114.25	183.75	189.25	190	196.25	169.5	195.25	205.75	193.75	199.25	171.5	174.75	162.25	115.25	209.75	117.25	195	112	219.25	111.75	121.75	201.5	177.75	174.25	204.75	211.75	186.75	110.75	195	178.25	179.25	110.75	119.75	198.5	195.75	174	218	199.75	196.75	180.25	174.75	173	197.75	196	116	201.5	198	183.5	174.5	115	169	181.75	223.75	185.75	173.5	200.5	117.75	206	188.25	181.75	178.75	115.5	
4.2e-006	35	124.5	113	116.5	117.75	117.25	129	109.5	120	182.75	211.75	104	209.5	210	122.75	112.5	102	111.5	114.75	108.5	195.25	195	111.25	115.25	212.5	116.5	114.5	118.5	112	177	112	211.5	113.5	110	183	116.5	109.25	205.5	112.25	125.25	113	175	199.5	104	102.75	211	173.25	109.25	110.5	113.25	165	188.5	157.5	107	114.5	172.75	192.5	120.5	121.5	116	189.25	196.75	113.5	123.5	116.25	111.25	181	193.25	163.25	114	190.75	
6.3e-006	35	185.5	191.5	120.75	114.5	136.75	105	127	115.75	124	114.5	114	115.75	105.75	106.5	114.25	113.5	217.25	111.25	115.25	117	116	112.75	110.5	123.5	113.5	111.75	112.25	106	181	109.5	116.75	112.5	122	114.5	106	101.25	117	108.75	118.75	109	113.25	224.25	104.25	113.75	114.25	127.5	191.75	107.25	115.25	101.5	108	218.25	114.25	108.75	113.25	107.75	111.25	110	118.75	122.5	114	116.75	128	112.25	122.25	110.25	187.75	112.5	101	117	
8.4e-006	35	116.75	113.25	119	117.25	117.25	108.25	200	115.25	118.25	114	191.5	110.5	104	115	117.75	114.75	120.5	179.25	200.75	116.5	193.25	185.5	115.5	116	120	116	105.5	116.75	110.5	113	111	114.25	119.5	127	117.5	114.5	123.75	109.5	109.25	113	175.25	117.5	222.5	120.25	120.75	119.5	115.5	112	201	117.5	113	111.75	108.25	119.75	117.75	107.5	190.5	113	116.25	195	124.25	204	107	113.5	118.5	192	211	120.25	112.25	120.75	
1.05e-005	35	110.75	117	176	208.25	104	106.5	200.5	209	121	118	109.5	112.75	199	108.75	206.5	197.25	112.5	206	112	116.5	111.25	228.25	116.5	192.5	116	197.5	200.5	104.75	189.75	125.25	199.75	109.5	127	198.25	120.5	114.25	105.25	179.25	197.75	119	234.25	118.75	181	185.5	111	190.5	209.5	114	125.5	178.5	209.25	106.5	116.25	123.5	111.25	120	109	111.25	105.75	205.5	120.25	182	187.75	125.75	112.5	180	118.75	126	116.5	123.75	
1.26e-005	35	202.25	178.25	121.5	200.25	209.5	183.25	123.25	195.25	225.25	193.25	190.5	212.25	176.25	114	225	113.5	204.75	164.25	185	111.75	125.75	102.25	195.25	187.25	117	198	115.75	111.5	190	117.75	178.5	109.25	183.75	190.5	110.75	172.25	120.25	191.5	196.5	197.75	115	215.5	113.25	196.75	123.75	199.75	127.5	199.5	192.25	201	119	195	171.75	209.75	111	192.25	183.75	114.75	106.5	117.25	199.25	196.75	203.5	136.5	234	203.5	114	217.25	119	185.75	
1.47e-005	35	133	198	120	206.5	218.25	208.75	191.5	211	223	106.25	181.25	190	213.25	213.25	113.75	200.5	206.5	119.75	112.25	113.5	205	194.25	218.25	184	179.5	168.75	108	110	202.75	188	199.25	213.75	237.5	192.5	196.5	188.25	212	213.5	213.5	198	191	209.25	184.25	219.25	158.5	177	176.25	199.75	180	207	169.25	132.75	198.5	199	185.5	192.25	204	114.25	193.25	213.75	187.75	189.5	106.75	172.5	212.5	174.5	197.25	185.25	203.5	106.25	
1.68e-005	35	117.75	185.75	191	191.5	195.5	117.25	183.5	195.75	220.25	115	211.75	172	171.5	211.75	225	184	200.25	210.25	156.75	109	186	175.75	203.25	115	187	178	205.25	109.25	197	229	176.5	186	213	117	186.75	184.25	204.25	111	213.75	108.5	110.75	198.5	111	187.5	177.5	107.5	192	220.5	186.5	202.75	229.25	109.75	176.25	181.25	213.75	111.5	120.75	184.5	191.75	193.25	197	114.25	216.5	212	184.75	111.75	189.75	116.75	201.5	194	
1.89e-005	35	209.25	120.75	170.25	181.75	112.5	122.25	203.75	115.5	178.25	111.25	127.5	112	211.75	120.25	204.75	113.25	115	189.25	111	116.5	117.25	107	111.75	193.25	110.75	119.75	123.25	106	112.5	110.25	111	106.25	202.75	107.75	112.75	201.25	116.75	173.75	111.25	182.75	195	225.5	117.75	117.25	188	109	196.25	124.75	115.25	108.5	200.5	194	178.25	173.25	114.25	112	107.75	111	107	124.75	188.75	122	210.25	107.25	202.5	103	207.25	174.25	215.5	111	
2.1e-005	35	209	114.25	109.5	114.5	113.5	119.25	117	118	111.75	110.25	111.75	112.25	113.75	173.25	118	118	112.5	119	202	116.75	192.75	194.25	121	111.25	117.75	130.5	105.75	112.5	111.5	107.5	116.75	118.75	108.25	117.5	113.25	111.75	120.5	114.5	113.5	114.25	117.5	125	110.25	112.5	188.75	119	216.25	114.25	215	120.5	120.25	181.25	113.5	113.25	116.25	115	176.25	104.25	112.75	114.75	115.75	114	186	105.75	110.25	105.75	184.75	106.5	114.5	108.25	
2.31e-005	35	124.75	121.5	123.75	241	114.25	116.25	108.25	114	226.5	105	119.75	121.25	113.75	145.5	118	190.25	113	119	110	120.25	120	126.25	122.5	229.75	181	119	205	117.5	118.75	122.75	107.25	117.75	114.5	112.25	122.75	233	172	108.75	198.75	207.75	190.75	195.75	113.25	112.25	113.75	184	128.5	183	230	115.5	194.5	188.75	124	112	117.5	121	123	122.75	192.75	111	118	181.25	113.75	115	112.75	113.25	205.25	117	180	107	
2.52e-005	35	111	119	231.25	197.75	196	199.25	111.5	233.25	194.25	201	190.75	127	129	116	116.5	189.25	124.75	200.75	183.25	186.5	176.75	188.75	209.75	206.5	126	222.25	197.25	207	176.5	190	120	216.25	176.5	104.75	185	113.5	116.75	214.25	186.5	200.75	196.25	198.25	126	195.75	111.25	184.25	191	187.25	111.25	116.75	233.5	106.25	213.25	116.75	114.25	115	220.75	227.75	180	205	198	189.5	126.25	227	186.75	206.75	109.25	205.5	217.25	204.5	
2.73e-005	35	118.75	195.75	116.5	195.5	239	181.75	201	179.5	185.75	191	213.25	119	215	170.75	114	198.5	218	189.75	202	185	191	202.5	116.25	200.5	221.25	187	122.25	209	178.75	187.5	117	195.75	116.75	198.5	177.5	206.25	199.75	187.5	120	186.5	191	187.75	200.25	232.75	191	181.75	216	190.75	224.25	211.25	206.25	173.5	193.5	209.75	192	196.25	201	188	187.75	208	210.5	189.75	190.25	176	115.25	114	202.25	190.25	116.5	219.75	
2.94e-005	35	190.5	108.5	187	107.5	213.5	190	214	188.75	110.5	116.25	213.25	197.75	190	186.75	202.25	198.25	200.75	182.75	122	184	206.5	107.75	119	111.5	184.75	210.75	110	195.75	197.75	208	198.5	192.75	108.5	118.25	217	188	211	192	205	114	211.5	176	119.75	196.5	205	183.25	113.75	139.75	204.5	108.5	223	176.5	189.75	242.25	113.75	186.25	191.25	196.5	190	182	119	203	197.75	191.5	209.25	206.75	220	110.5	229	192.25	
3.15e-005	35	186	106.5	116.75	122	202	119.75	196	117	124.75	221.5	171.25	114.75	195.25	110.5	111.75	107.75	206	202.25	200.75	119.5	191.5	108.25	213.75	106.75	182.75	112.25	180.75	115	219.75	120	211	123.25	193.25	210.5	121.25	203	203.25	199.75	110	189	112.75	117	156.25	202	110.25	116.5	117.5	117.25	208.75	116	186	111.5	212.75	114	187	204	109.25	195.25	188.25	120.25	179.5	110.75	195	127	209.25	108	178.75	124.25	173.75	110.5	
3.36e-005	35	175.75	110.25	120.75	111.5	215.25	116.5	203.25	108.5	105.25	127.25	192	110.25	119.75	105	201.5	111	111.5	111.5	114.25	184.5	190.25	115	182	118.25	217	109.25	127.75	191.5	123.75	121.25	115	123	240	115.5	186.75	120.75	183.25	110	113	109.5	194.75	120.5	196.5	112.5	115.25	117.75	118.5	115.75	228	115.75	216.25	114.25	193.25	112.75	189.75	115.25	113.75	111.25	119.25	116.25	115.25	106.25	190.25	197.25	124.5	197	124.25	117	225.5	116.75	
3.57e-005	35	108.75	186.75	178.25	193.25	125.75	109.75	194	197.75	110.75	116.75	193.75	202.5	187.25	116.5	112.25	113.75	199.25	187.75	114.75	106	125.5	126.25	109.75	106.5	195.5	181	118.25	114.75	119.25	120.25	113.5	122.75	106	121	115.75	120.75	122.75	120.5	114	213.5	112.5	185.5	119	121.25	187	108.25	118	211	186	114.75	126.75	204.75	182.75	121.5	113	125	123.25	112.75	114.75	206.25	125.25	122.75	119.75	113	109.5	113	172	105.75	107.75	115.75	
3.78e-005	35	204.75	205.75	205.5	110.25	122.5	227.25	209.75	173	107.5	174.75	206.75	201.5	213.75	121.75	110.25	104.75	118.25	123	118.25	201.75	180.25	208.75	114.25	104.75	192	190	198.75	124	186	204.5	112	111.5	119.25	191.5	185.25	123.75	170.75	120	114.75	209.75	190	113.5	125.25	204.25	192.75	208	115.25	193.75	116.5	117.75	118.25	200	215.25	119.25	217.25	131.5	119	195.5	110.75	213.75	117.25	187	108.75	109.5	210.5	198.25	116.5	182.25	175.75	120.25	
3.99e-005	35	113.5	193.75	186.25	202.5	192	196.25	118.5	229	192	201	109.75	196.25	120	210.75	186.25	187	112.5	210.5	122	195	120.25	171.5	194.75	110.25	211.25	204.75	118.5	122.25	121.75	209.5	210	194.25	113.75	199.25	123.25	167.5	118.75	108.75	115	240.5	201.75	190.5	111.75	202.5	112.5	191.25	194.5	194.25	111.5	201.75	206.5	130	166	189.5	194	213.5	192.5	116	123.25	105.5	173	223.75	127.25	199.25	117.75	107.25	223.75	120.5	201.25	196.25	
4.2e-005	35	111.75	198	178.5	210.5	182.25	170.75	219	202	112	108	110.25	199	106.25	112	110	208.5	207	119.5	182.25	185.25	210.75	235.75	111	186.25	220.5	213.25	202.75	114.5	203.5	117.25	120.75	166.25	128.25	173.75	198.75	221.25	121.5	119.25	109.5	190.5	191	202.75	173.5	186.5	121.5	109	115.5	177.5	203	206.5	202.25	223	193.75	115	203.5	113.5	188	106.5	204.5	215.75	205.5	181.5	178.75	217.25	169.25	199.5	121.25	198	224.25	194.75	
4.41e-005	35	194.25	129.5	199.25	189.75	194.75	203.25	190.25	109.75	228.75	201	190	208.5	182.75	113.25	210	121.5	176	108.5	197.5	112.5	212.25	110.5	107.75	117.75	124.25	114	206.25	112.5	198.25	218.25	111.75	108.5	197	204.25	198	108.75	200	116.5	183	119.75	192.5	121.25	122.25	194.5	108.25	109.75	121.75	112.75	217	178.5	161.5	111.75	113.5	224.75	212.75	190	184.5	117	183.75	120.75	110.25	117.75	178.5	112.75	235.5	213.75	115.5	211.5	185	117.75	
4.62e-005	35	197.75	113.5	110.75	114.75	112.75	108	223.75	199.25	114.75	122.5	114.5	120.25	179.75	115.5	184	124.25	186.5	116	199	126	237.75	117	222.5	112.5	172.25	116.75	108.5	207.5	177	117.75	112	120.25	197.75	112	118.25	117.5	174.75	189.25	110.75	111	201	203.25	105.75	225.25	116.75	201.25	117.25	115.75	123.75	169.5	113.25	110.25	122.75	120.75	160	109.25	190.5	114.25	186.25	121.75	215	117.75	220.75	108.25	181.75	115.5	179	115.5	130	126.25	
4.83e-005	35	183.5	111.5	185.5	111.75	225.5	107	216.25	209.25	113.75	107.25	194.75	112.75	191.75	112.25	200	117	114.5	192	206.5	117.5	190.25	124.25	191	223.75	113	116.25	208.25	109	116.25	216.5	113.25	117.5	195.5	182	178.25	114.25	200.75	197.25	193.25	110.25	176.5	192	129.25	188.5	113.25	118	106.75	122.75	217.25	185.75	197.25	105.75	120.75	207.25	107	126.5	113.5	170.75	208.75	111.25	117	207	205	127.25	121	212.25	118.5	114.75	189.25	115	
5.04e-005	35	112	212	217.25	120.5	117	123	129	205	209.25	109.5	220.75	116.75	195.25	116.25	215.75	107.75	127.75	203.5	192.5	115.25	180	112	124.75	113.75	117.25	113.5	106	192.5	193.25	113.75	114.75	115.75	116.25	112.25	105.75	112	230.25	196.75	106.5	189.75	110.75	206.5	189	188.25	178.75	188.75	171	109.5	120.25	194.25	196	202.25	117.25	203.5	191	116.75	112.25	121	163	118.5	123.75	194	110	123.5	241	198.25	177	119	202.75	121.5	
5.25e-005	35	114.75	197.75	113	203.75	117.5	218.25	110.5	202.5	115.25	193	189.25	111.25	110.5	221.75	116.25	106	207.25	228.25	109	200.75	111.5	226.25	113.25	200.5	189	185.25	108.5	193.25	180.75	204.5	205.5	192.5	191.75	190.75	197.5	116.25	190.75	204	216.5	115.25	183.25	185.25	114	131.5	125.5	181.5	181.75	222	110	133.75	125.25	108.5	125.5	197.25	114.5	115.75	198.75	123	117.5	224	204.75	222.75	199.75	120.5	121.25	195.5	207.25	197.75	209	188.5	
5.46e-005	35	185.25	172.25	181.25	218	110	170.5	111	215.75	196	208	115	178.75	116.75	186.75	116.75	122.75	178.5	190	109.75	193.5	181.5	207.25	106.25	222.5	224	251	103.75	201	110.75	195.5	120	157.5	112	118	217.5	187	191.75	204.75	198.5	200.25	198.75	193.75	116	123	111.5	108.25	207.5	110	204.25	184.25	114	211	198	201	126.25	196	161	213.25	209.25	116.75	111.75	204.25	110.75	210	127.25	116.5	114.25	223.75	105.25	191	
5.67e-005	35	120.25	127.5	227	128	211	196.25	108	120.5	115.5	201.25	194.5	111.75	196	119	198.25	199	194.5	186	197	234	203	110.75	213.5	108	183.5	201.75	193.5	207	195.5	112.75	198.25	186.5	122.75	208.25	199.5	187	119.25	113.25	194.25	115.5	111	114.25	112.75	199	118	115.75	127.25	201.75	184.5	108.25	169.5	114	201.5	179.5	117.25	121.75	120.75	200.25	114.5	180.5	189.5	187.5	202	188	182.25	116.5	208.25	232.25	130	197	
5.88e-005	35	114	110.5	120.25	122.75	191.5	109.5	115.75	122.25	116.5	102.25	120.5	107.25	120	115.5	172	193.25	182.25	190.25	201.25	112.25	112	117.5	111.5	134	243	207.25	121.5	107.25	112.5	117.5	126.75	106.75	111.75	118.25	116	108.75	125.5	118.25	191.25	118.5	107.25	111.5	206.25	117	109.25	109.5	181.5	116	214.25	107.5	200.25	107.25	224.5	112	194	109.75	115.75	212	117.75	112	104.25	110.75	112.75	112.5	176.5	112.75	208	195.75	119.25	113.75	
6.09e-005	35	177.25	120.75	123.5	182	117	108.25	189.75	217	195.75	116	171	107.5	162.25	119	112.75	120.5	108.25	114.75	115	118.5	189.25	113.25	210.5	180.25	177.25	118.5	111	112.75	108.25	115.25	209.75	200.25	190.5	113.5	196.75	125	118	112	189.25	114.75	181	117	107.5	125.75	199.25	117.25	194.25	112.75	190.5	111.5	119.75	113	213.5	113.5	209.25	160.25	208.75	104.75	112.75	179.75	199.5	113	190.75	109.75	218.75	197.25	195.75	111.75	124.75	112	
6.3e-005	35	116.5	214.5	116.5	111.5	199	112.5	108.25	105.75	194.25	188	191	118	110.5	115	129.25	111.5	115.5	111	116	195.5	215.5	202.75	188	111.5	114	114	110.25	117	109.75	112.25	114.25	202.75	183.75	119.25	191.75	190.75	190.25	108	190.75	226.5	125	122.75	116.5	205.25	117	186.25	115.5	122.5	206	129	114.25	116.75	118.75	109.5	207.5	114.5	109	112	213.25	118	188.25	114.5	202.5	201.75	115.75	125.75	123.25	210.75	214.75	127.75	
6.51e-005	35	109.75	212.75	110.5	104.75	116	180.25	113.75	210.25	204	112.5	193	191.25	112.75	180.25	199.25	116	192.25	190.75	118.5	199.25	193	117.75	185.5	190	188.5	192	118	182.5	179	113.75	200	115.5	115.25	179.75	124.25	191.75	122	201.5	184	188.5	123.5	183.25	225.25	200.5	114.5	178.75	204.5	111.75	118.5	204.25	173	189	201	110.25	124	113.75	196.75	197.5	107	114.5	111.25	186.75	179.75	125.5	211.75	217.75	191	220.25	104.5	117.75	
6.72e-005	35	112.5	187.75	181.75	191	109.5	179	127.25	166.5	112	185.25	178.25	117.75	203.5	181.25	113.75	198.5	176.5	184.25	180.5	115.25	198.5	206	220	200.75	108.5	198.75	109.25	188.25	117	116	192.5	184.75	117.25	120.75	107.75	204.75	117.5	172.25	173	180.25	206.5	191.5	119.75	189.75	190.5	185	227.75	173.75	115.5	182.75	107.5	117.75	117	214.25	191	196.5	111.75	165	189.5	123.25	112.25	191	104.75	170.25	206	108.75	183	195	200.5	209.5	
6.93e-005	35	188.75	197.75	205.25	198.5	128.5	214.5	119	218.25	108	112.25	126.75	195	99.75	202.5	116.5	180.25	178.75	115.25	172	115.75	121.75	222.5	107.75	113.25	106.5	115.75	198.25	225.5	112	190	125.25	189.75	189.5	103.25	206.25	112.25	206.5	114.25	188.5	181.5	116.25	119.75	204	108.5	188	205.5	112.25	107	111.75	189	197.75	181.5	220.75	184	217.25	203.25	165	199.25	122	206.25	199.75	202.75	116.25	183	207.5	192	207	208.5	119.25	116.25	
7.14e-005	35	203.75	193.25	113	226.25	187	114.75	179.5	113	114.75	197.5	110	119	195.75	189.25	115	198.25	175.5	207.25	118.5	182.75	191.75	108	228.5	217	218	195	194	176.75	185.5	193.25	206.5	154.5	107.5	113.75	211.5	113.75	120.75	115.75	217.25	109.25	203.5	179.25	137.25	103.75	112	191	118.25	117.25	207	110.5	202.75	194.25	203.5	117.75	117.5	128	201.75	221.5	206.75	114.25	115.25	108.5	118.5	118.25	203.75	118.25	203	100.25	118.25	121.75	
7.35e-005	35	109.25	112	111.5	110.5	125	124.75	110	118.5	193.25	177.75	109.75	114	205.25	189.25	119	119.75	115.75	118.75	120.5	196.25	243.25	175.25	194.25	122.5	216.5	176.75	175.25	116.25	114	120	110.75	129.5	188.5	105.75	180.25	114.75	174.25	132	112.75	106.5	110.5	115.5	182.75	210.75	221	115	103.5	122	125	128.5	197.5	112.75	189.25	205.75	212	119.25	214.25	116.5	113.75	112.5	125.5	114	186.75	112.5	185	187.5	117.25	198.5	114.75	184.25	
7.56e-005	35	116.25	111.5	185.75	181.25	112.5	115	108.25	109.5	197.75	114	222.5	202.75	122.75	111	179.5	110.75	108.25	118.75	116.25	107	115	114	127.75	111	195.25	120.75	172	127.25	174	122.75	215.25	116.75	226	108	181.75	116.25	230	121.25	201	108.5	197.5	199	199	189	194	125	209.75	115.75	233.5	105	236.5	119.5	110.75	125.5	184.5	114.5	179.5	181.25	119.5	118.25	206.5	105.75	204.5	209.5	194.25	117.25	122.25	111.5	212.25	120	
7.77e-005	35	208.25	210.25	117	187.5	111	189.5	193.25	209.5	118.5	197.75	186.25	203	126	105.5	115	232.25	117	187.75	104.5	177.75	194.75	111.5	195.75	213	115.75	114.25	165.75	193	109.5	106.5	122	206.75	196.5	109	207.75	212.5	118.5	215.75	118	204	124.25	217.75	208.25	205.25	138.25	123	228.5	199.75	204.75	114	201	116.75	219.25	118.75	111.5	213.25	109.25	127	125.5	110.25	116.5	181.25	119.75	116.5	112.75	113	110.25	112.5	191.75	113.25	
7.98e-005	35	122	110	121	117.5	108.5	114.25	193	204.25	113.5	209.25	183.5	188.5	189.25	198.75	213.5	187.25	206.25	114.5	116.75	204.5	206	196.5	200.25	218.25	105.75	191.5	123.25	208.5	187	106.25	168	205	112	221.25	128.25	194	206.25	233.25	198.75	193.75	119.25	197	110.75	113.25	121	177.5	185.75	117	123	183.25	186	114.5	121.5	109	109.5	183	188.25	191.25	190.75	218	199.75	113	116.25	197.25	182.5	174.75	189	190	111.25	211.25	
8.19e-005	35	194	111	194	197.5	116	117.5	176.25	120	112.25	187.25	114.75	110.25	123	110.5	111.25	197.25	200.25	188.75	180.5	119	199.5	206	228.75	222.75	122.5	107.25	124	199.25	115	111	237.75	185.25	207	122	122.25	185.5	222.75	125.5	192.75	209	117.75	110.25	116	197.75	193	107.25	212	111.5	263.75	129.25	184	180.5	182.5	199.75	207	211.75	113.5	119.25	215.5	210	107.75	110.5	201.75	209	187	219.75	186.5	188	212.25	187	
8.4e-005	35	114.25	199	118.75	166.5	215	117.25	211.5	118	113.5	111.25	109	200	118.5	173.25	111	111	117	188	197.25	189.75	158.5	231.75	212.5	117.75	189.75	182	186.25	198.5	204.75	121.75	123	128.5	185	216.5	125.75	188.25	114.75	115	111.25	189.5	171.75	179.25	210	199.25	180.25	187.75	109	109	210.5	203.5	120	118.25	203.5	120.5	117.25	111.25	117	186	115	112	120.25	210.5	217.25	194.5	121.25	118.75	226.25	123.75	116	192	
8.61e-005	35	201	108.25	113	105	111	119	201.75	125.75	115.75	109.5	160.75	116.75	124.75	123	198	200.75	117.5	119.75	176.25	194.75	112	115.5	179.25	219	105.5	107	106.75	118.5	218.25	113	119.5	110.5	212.75	111	208.25	207.5	186.75	112	166	171.75	172	118.75	117.25	108.75	199.75	120	113.75	209.5	225.25	126.25	124.75	217.5	115.25	111.75	124	115.75	119.25	190.75	114	120.75	118.5	229.75	182.5	115.75	112.5	200.5	185	215	122	115.75	
8.82e-005	35	202.25	116.75	115	206	123.25	109.5	194	195	199.5	104	109.5	112	108.75	110.75	113.5	114.25	171	112.25	212	131.25	125.25	105.25	114.5	125.25	108.75	115.75	128	104.75	235.75	105.75	101.75	107.25	199	115.25	126.5	121	116.5	120.25	188.75	203.25	177.25	117.5	123.5	117.75	240.25	115.25	193.75	119	110.5	111.5	111.5	115.75	239.75	182.25	117.25	111	122.25	108	173	113.75	199.75	126	122.25	194.75	191.25	198	108.25	192.25	217.5	203.75	
9.03e-005	35	115	114.25	119.75	106.25	124.75	117	120.75	214.75	180.25	187.25	113.75	223.75	193.75	122	117.75	116.75	214.75	113.5	192.75	115.75	191.75	199.75	190.25	202.75	117.5	191	110.25	191	123.25	180	187.25	130.25	172.5	195	218.25	116.25	123.75	120.75	116.75	206.75	114	199.75	122.25	118	112.75	195.75	107.75	113	189.75	111.75	108.75	187.5	122.25	218	206.25	201	185.75	105	110.5	107.25	120.25	209.25	218.5	122	193	120	113.5	109.5	211.75	205.5	
9.24e-005	35	117	189.25	210.5	193.75	184.25	221.75	116.5	205.75	118.75	193	111	114.25	223.75	200.75	117.5	180.25	116.25	203.25	205.75	183.75	182	121.5	186	195.5	123.75	184.75	199.75	184.5	186.25	188.5	173.5	111.5	109.75	119.75	229.5	108	111	245.75	217.75	117.5	111.5	196.25	116.5	200	107.25	174.5	184.75	179.5	199	119.25	213.75	127.25	229.25	114.5	177.5	205.75	118.5	113.25	223	199.75	198.25	193.5	119.75	201	215.75	203.5	202.75	206.25	123.5	206.25	
9.45e-005	35	112	116.25	117.5	190.75	205.25	178.25	136.5	262	224	206.25	174	110	204	112	119.25	114.75	117	179.75	196.25	201.75	219.25	110.75	120.75	196.5	117	114.25	221.5	124.75	117.25	120.25	190.25	204	114.75	119.25	118.5	115.5	181.75	196.75	117.5	210	122.25	192	122.5	185.75	119.75	126.75	196.5	180.5	121.75	201	201.75	207.5	183.75	198.25	119.75	114.5	119.75	175.25	212.25	199	197.25	102	218.5	189	121.25	189.5	124.25	107.5	186.75	206	
9.66e-005	35	186.75	219.5	209.5	215	110.5	209.5	198.75	196.75	115.5	170.5	215.25	187	185.5	230.5	114.75	190.75	106.25	116	174.25	208	232	245.25	208	114.5	190.75	192	190	203	202.25	192.5	112.25	114.25	204.25	191.5	197.5	105.75	203.75	111.75	177.25	118.75	207.5	199.25	118	122.75	210.5	192.25	205.25	123	116.75	122.25	203.5	218.75	202	158.75	202.5	189.5	176.5	180.75	122.75	205.5	189	188.5	175.5	105	186.25	210	185.5	112.75	200.5	215	
9.87e-005	35	104.25	108	117.5	117.5	110	110.5	212	118.5	106.75	119.5	210.5	114	118	126	115.25	113.5	105.75	116.5	114.5	115.5	194.25	209.5	203.5	114	201.75	173	220.75	109.25	110.5	127	114.5	124	206.5	179.25	112.25	182.25	125.5	116.5	191	120.75	126.5	121.5	192.5	121.25	109	114.75	126.75	176.25	229.75	114.5	195.25	119.75	122.75	193.25	177	110	110.25	212.5	211.25	160	110.75	126.75	119.75	109	202.75	111.25	126.25	199.25	123.75	114.25	
0.0001008	35	122.75	116.5	115.5	110.75	113.75	187.5	119.25	111	188	111.5	115.25	110.5	190.5	110.75	178.5	122	180.5	205	130.75	193.25	117.5	109	190.5	113	120.75	110.5	119	223	111.25	112	183	111.75	114	106.5	188	203.75	222.25	216	116.5	114	113.5	192	171.25	183.75	197.5	124.25	212.75	114	108.5	114.5	203.75	117.5	214.75	112	172.25	114	116	103.75	207.25	197	120.25	225	211.5	117.5	118	124	110	199.75	112.25	109	
0.0001029	35	201.75	117.5	220	119.75	118.75	184	106.75	215.25	209.25	115.5	113	115.25	117.75	123	192.25	107.75	203.25	119.25	106.75	112	188	115.25	176.75	114.75	224.25	126.5	219	198.5	199.25	115.75	119.75	189.25	182.5	191	114	205	121.25	197.25	206	116.25	117.75	120	114.5	198.75	215	113.5	114.5	122.25	188.5	186	110.25	185.75	201.25	232.25	208.25	200.5	111.75	201	212	213	184	189.75	114.25	208.25	207	101.25	235	198.5	124.25	124.5	
0.000105	35	189	194.75	181.5	176.5	188.75	195	120.5	109	204	116.25	203	207	113	202.25	192.75	214.5	198.25	204.75	209.5	189	182.75	188.5	175.75	126.25	132	115	117	194.75	211.25	132.5	123.5	107	118.25	117	109.25	206.25	217.25	187.5	114.75	109	202	113.5	119.75	210.25	109.75	115	183.5	201.5	168	121	187.25	176	107	197.5	117.75	202.25	187.5	106.75	108	181.5	112.5	204.75	110	221.5	109.5	197	121.25	173.5	200.5	208.25	
0.0001071	35	116.5	120.25	120	107.25	110	193.75	199.5	187.75	109.75	126.25	198.5	201.25	112	116.75	198.25	205.25	118.25	113	118	189.75	186.25	121.5	128.25	116	191	131	118.75	119.75	222	198	129.5	195	110	217	196.75	112.25	118.75	123	116.25	184.75	108.5	204	213	112	107.25	113.25	117.75	193	121.5	174	119.5	190.5	202.75	185.25	187.25	116.25	196.75	212	109.5	222	107.25	177	114.25	121.5	109.75	128.5	114.5	127.75	114.5	115.5	
0.0001092	35	183	186.25	215	111.5	105.75	203	120.5	112.25	206.75	190.25	119.25	186.5	183	109.75	112	184.75	119.75	116.5	115.5	204	212.75	214.5	198.25	194.25	190.5	199.5	114.5	121.25	120.25	185.75	118	186.75	204	116.75	162.75	121	216.75	180.5	182.25	106.5	221.5	129	197.25	111.5	179.75	114.5	171.25	198.5	215.5	175.25	175.25	115.5	200	199.75	113.75	131.25	213.25	106.25	193.5	108.5	185.5	186.5	197	208	205.5	181.25	117.25	111	113.75	115.25	
0.0001113	35	108.75	109	183	124	209	112	184.25	116.5	193	112.25	198.25	128.5	116.25	187	120.25	119.75	115	110.5	123.25	178.75	126.5	209.25	119.25	108.25	106.5	236.5	188.25	111.5	203.75	127	208.25	115	111	174.5	212	203	117.25	192	118.25	110.5	185.25	218.5	195.5	110.75	115.5	213.25	117.75	222.75	195.5	196	200.75	183	105.75	120	121.75	189.5	192.5	217.5	193.75	205.5	197	186.75	114.75	231.75	200.75	119	120.25	106.5	125.5	224.75	
0.0001134	35	199.5	123	177.25	176.75	193.75	108.75	245.5	105.25	114	112	178	118.75	207.25	115.75	217.25	120	118.5	180	116.75	178	116.25	110.5	119.75	108.75	186.25	109	108.25	109	206.75	188.5	214	120.75	110.25	119.25	113.25	181.25	202.25	196.75	112.75	189.5	111.75	113.25	124	112	191.5	214	220.5	113	191	113.75	193	113.5	104.5	111.75	193.25	169.25	198.25	118	211.75	198.75	195	110.5	120.75	213.75	222.75	120	115.25	226.75	113.75	189.75	
0.0001155	35	115.25	110.75	213.25	180.25	211.75	110.25	124	119	117	203.25	110.5	192.25	221.25	126.25	111	123.75	206.25	116.25	194	111	186.25	102.75	196	139.75	182.25	197.25	111.75	109	117.25	199	134	115.75	201.5	175.25	113	107.75	116.75	202	171.25	110.75	109.5	227.5	200.75	118.5	106	220.5	119.25	203.25	178	207.25	115	113	196.25	184.75	173	111.25	192	126.75	187.25	189.25	108.75	121.25	204.25	115	120	209.5	121.75	115.75	119.5	188.75	
0.0001176	35	197.25	118.75	193.5	195.75	114.5	173.25	233.5	109.5	226.5	215.75	223	200.5	113.75	208.25	217.25	187.5	106.75	109.5	178.5	218	188.5	189.25	116.5	201.25	115.25	116	101.75	110.5	211	115.5	221.75	112.5	183.75	217	219	197	118.5	114	132.5	218.25	119	205.75	196.75	116.5	117.5	114	135.25	202	213.75	179	109.25	203.5	200	210	129.25	211.5	191.75	110.5	212	106.75	180.5	200.5	197.5	123.75	123.75	213	109	115.75	117	127.25	
0.0001197	35	118.5	183.5	114	190.5	194.5	202.75	202.25	123.25	110	111.75	189	114.5	221.5	205.25	209.25	119.5	116.75	188	109.25	187.5	107.25	208	120.25	113.25	117.75	191.5	115.25	111.5	189.25	111.25	115.5	201	195.25	183	215.75	189.5	116.25	120.75	109.5	121	212	123.5	120.25	190	109.75	189.75	208.5	120.75	190	116.25	123.25	194.25	111	120.25	123.75	198.25	194.5	200.5	122.5	109.25	114.25	192	219.75	114.75	110.25	197.25	205.25	214.5	108.25	190.75	
0.0001218	35	128	204	202	188.75	111.5	120	215.25	105	176.5	197.5	182	168	112	119.5	114	216	195.75	109.75	121.75	222.25	204.75	199	221.75	113.5	115.5	207.5	201.75	191.5	112	191.5	197	106.25	164.5	176.5	210.75	214.5	198	181.75	191.75	119.5	122.25	210	114.75	112.25	106.5	180.25	195	210.75	181.25	124.25	187.25	177	116.5	189	191.75	120.25	176.25	127.25	203.75	185	213.25	207.25	116.75	195	204.5	106	116.5	202	191.75	129	
0.0001239	35	187	181.75	193.25	191.75	194.25	116.5	119.5	114.25	211.75	200	193	209	126.5	188.5	175.25	185.5	177.75	189.25	183.25	127.75	118	120.25	184.75	193.5	192	123.25	106.5	168.25	111.5	198	199.25	197	112	195.25	110.5	111.75	118.75	120.25	179.5	185.5	183.25	184.25	113.25	105	114.75	110	194	214.5	117	198.5	220.25	111.75	113.5	193.75	201.25	194.75	194.25	190.25	211.5	110	110.25	193.5	147.5	212.5	218.25	118	110	123	115.75	121	
0.000126	35	188	128.5	114	198.25	111.75	122.25	122	193.25	209.5	210.5	184	191.25	195	209.75	197	116	112.5	130	219.5	117.75	184.75	116.5	178.75	187.75	117	116.5	192.5	121.5	114	178	123	108.75	191	110.5	233.75	110.5	184	120.25	219.25	128.75	118	121.25	177.5	117.75	195.75	112.25	172.75	188.5	119	187.25	203.75	110	197.5	112.75	130.25	117	187.75	194.5	113.5	108.5	113.75	116.25	202.5	122.75	118.75	170	117.25	180.5	238.75	115.5	
0.0001281	35	191.5	118.25	200	112.75	211	108.75	206.5	192.25	215.25	116.25	194.25	124.25	192.25	109.75	115.75	202	202.5	111.75	192.75	194	114.75	194.5	113.5	230.75	197	111.5	188.25	185.75	222.25	108.5	180.5	111.25	191.25	108.75	204.75	217	186	175.25	120	108.5	111.75	115.75	114	203	230.75	113	195.25	167.25	180	116.5	208	122.5	209.75	223	117.75	131.75	118	109	106	180.25	215	204.5	187.75	124.5	120.25	118.75	116.5	129.25	199.25	105	
0.0001302	35	112	204.25	207.75	193.5	115.25	107.5	116.75	127.5	116.5	113.25	112	226.5	215.5	118.75	201	116.25	110	203	197.25	112.25	195.75	199	103.25	107.25	194.75	176	121	107	120.25	116.5	118.75	116	197.75	115.5	176.5	109.75	200	178.75	188	117.75	190.75	201.75	114	109	113.75	195	178.25	195.75	200.25	202	115.75	219	121.25	194.25	219	113.75	179.5	114.75	112.75	204	179.75	183.25	103.5	223.25	119	181.75	106.5	220.5	112.5	113.25	
0.0001323	35	183.25	189.5	114.5	213.25	214.25	113.5	120.25	205.25	120	116.75	211.75	124.5	119.75	185	120.75	198	204.25	194.75	177.75	185.5	109.5	182.75	122.25	111.5	107.75	212.75	229	224.75	186	123.5	113.25	115.75	207.5	104	179.25	182.75	113.5	120.25	208.25	167.75	203.25	183.5	214	115	125	187.25	119	119.75	204.75	196.5	168.25	216	174.25	110.25	109	204	112.5	111.25	191.5	112.25	198	117.75	168.5	192.25	130.75	205.5	180.5	188.75	115.75	193	
0.0001344	35	126.25	125.5	212.5	200	114.25	173.75	111.75	192.75	122.75	189.25	119	119	194.25	111.5	109.5	113.5	137.5	111	119.75	184.25	166.5	215.75	202.5	119.75	169.25	113.5	115.75	115.75	182	109.5	112.25	117.5	186	111.5	181	175.5	191.75	122.5	126.25	193	211.5	118	114.75	189	204	113.5	108.75	113.25	105.25	188.75	181.5	112.5	123.75	129.25	203.25	182.5	121.5	122.75	121.5	204	196.5	113.25	112	121.75	113	192.75	167.5	199.75	223	165.25	
0.0001365	35	187.5	113.25	220.25	216.25	106	190.75	202.25	121.75	104	116.25	238	220.5	179.75	225.5	129.25	196	103.75	113	114.75	122.25	113	114	115.5	112.75	185.75	209	111	125	207.5	192	216.25	173.25	195.25	111.5	112.75	158.75	185.5	199.5	200.75	184.5	224.25	123	110.25	187.5	200.5	196.75	214.75	198.5	199.75	116.75	181.25	114.75	204	111.25	196.25	191.75	206.75	112.5	216.25	192.5	113	112.25	123.25	205.5	187.5	196.5	218.75	184	196	204.5	
0.0001386	35	182	203.75	121.25	215.25	190.25	115.25	182.5	221	193.25	112.5	180	117.75	180.75	202.75	116	207.5	179.75	107	108	117	120.5	120.25	108	186.25	117	208.75	195.25	122.5	111	106.75	125	120.75	111.75	200.25	192	112.75	204.75	189	207.75	114.5	112.5	111.25	194.75	113.5	112	205	208.5	106	109.5	113.5	199	116.5	110.25	121.5	191.5	117	107.25	114.75	223.75	220.75	198.5	108.75	186.5	199	112	127.75	108.75	112.5	192.75	127	
0.0001407	35	103.75	167	114.25	198.25	186.25	113	192.75	131.75	118	110	112.5	112.25	196.25	115	108	189	191.5	123.75	200.5	191.75	191.25	117.25	196.25	112.25	186	113.25	180.75	110	115.5	118.75	119.25	110.5	189.75	130.25	186.75	176	118.5	115.75	111.25	104	203.25	106.75	116.25	173.75	119	176.5	112.75	230.75	112.75	112.25	123.25	109.5	222.25	209	211	203.25	123.25	201	119.75	111.25	214	177.25	207.75	107.25	115.25	112.5	199	106.25	211.5	119	
0.0001428	35	120	188	129.75	178.75	110.75	109	108.25	216	107.25	192.25	204.75	182.75	223.25	173.75	208.75	220.75	123.5	192.5	182	201.25	111.5	191.25	124	194.75	119.5	210.75	121.25	211.25	190.75	201.5	111.25	123.75	169.25	116.25	126.5	180	200.25	106.75	206.5	111.5	186.25	204.75	219.25	206.5	200.25	115	109.75	114.5	114	196.5	120	110.5	186.25	197.5	112.25	210	121.75	192	118.5	117.75	110.25	201.75	121	114	197	111.25	194.75	171	126.25	187.5	
0.0001449	35	210	204	124.25	210	184	188.25	132.5	192	113.75	179.5	104.5	219.25	122.25	186.25	215	200	203.75	114.25	120.75	161.25	118.75	182.25	107.5	118.5	226	199.25	119.5	106.75	196.5	212	183	114.75	216	113.25	113	120.75	120.5	194	188	187	140.25	189.5	213.25	194.75	129.25	175.5	106.25	203.5	184.5	208.75	114.5	204.5	207.25	167.75	103.5	115.5	114.5	169	199.5	118.25	191.5	120.25	172.5	195.75	114.5	173.25	183.5	200.75	197.25	212.25	
0.000147	35	203.75	183.25	193	205.5	109.75	119	125.25	109	106	195.25	211.5	122	172.5	190.75	184.75	161.75	196.25	206.75	188.5	113.5	118.25	209.75	109.75	196	117	123	212.5	196	114	113.25	117.75	114.75	114.5	208.25	192.25	110.5	117	111.5	223	116.5	114.25	112.5	174	112.25	118.25	208	118.5	178.75	121	116.25	108.75	109	119.25	194	199	215.25	109.75	211.25	204.25	170.5	189.25	211.25	179.25	209	118.25	109.5	118.5	197.75	127.5	107.5	
0.0001491	35	120	111.5	112.25	215.25	211.5	104.75	200.5	180	115.25	106	106.5	187.75	199.75	182.25	115	202.5	120.5	107.75	111	208.75	182.75	240	111.75	108.75	173.5	113.75	206.5	120.75	225.5	182.75	200	238	108.25	221.25	211.75	107.5	110.25	197	222.25	192	207.5	110.25	109.5	215.75	208	117.5	109.5	201.25	214.25	106.5	197.25	115.5	226.25	225.5	203.5	184.25	188	125.75	226.5	115.5	175.5	174.75	109.25	114	197.5	192.75	201.5	197	209	191	
0.0001512	35	200.75	108.5	209.25	115.25	218	111.75	220	123	116.25	184	120.25	115.25	110	109.25	196.75	111.5	118.5	115.5	119	110.75	129	112	218.5	119.5	119.75	115.5	108	113.25	126.25	115.5	206.25	109.75	216.5	114.75	177.5	124.75	182	118.25	132.5	106.25	198.25	198.75	212	131.25	118.5	126.5	104.25	117.75	126.5	110.75	201.25	194.25	221	105.5	113.75	113.75	174.75	198.25	207.25	109.75	205.25	110	188.5	179.75	103.5	124.75	113.5	187	116.75	107.75	
0.0001533	35	118	109	118	196.5	114	115.25	202.5	106.75	199.25	198	114.75	120.25	180	206.5	122.5	120.5	110.5	181.25	127.5	120.25	113.75	114.25	113.75	109.5	119.25	117.5	122	109.5	106.75	195.5	112.75	113	133.25	113.25	122.5	208.75	198.25	108	123	208.5	109	220.5	115.25	109	170	117.5	111	115.5	184.75	112	114.25	112.5	114	112	233.5	203.5	192.25	119.5	110	108.25	191.5	128.5	116	126	204.5	115.75	180.25	112.5	119.75	200.75	
0.0001554	35	202.5	111	186	111.25	219.25	127.5	158	220.5	177.25	120.5	210	123.25	201.75	110.75	109.25	112.25	209.5	108.25	107.75	115.75	120.5	227.5	195	118.75	208.5	121.25	122	106	112.75	113	192.75	112.5	193.75	110	182.75	112	111.75	190.75	198.5	114	108	166.5	116.25	106.5	186.75	118	198.25	176.25	125.25	223.5	193.5	109	192	120.75	118.5	109	206.75	208.75	118.5	199.5	119	172	178	114	196.5	193	113	204	217	113.75	
0.0001575	35	118.75	202.25	204	126	212.25	112.5	209.5	218.5	194	114.75	202.75	192.5	117.25	110.5	200.5	216.75	213.5	178.75	118.75	107.5	117.5	118.5	117.75	193	220.5	190	109	189	175.5	116.5	174	208.5	114.25	108.25	214.75	215.25	111	116	181.25	199	204	118.25	201.5	121.25	188	188.25	185.75	182	114.25	110	182	112.75	123.5	209.25	117.75	113.25	117.5	114	227.25	206.25	119	199.5	186.75	218.5	114	220.25	220.5	112.75	199.75	111.75	
0.0001596	35	128.25	119.75	110.5	127.25	181	183	194.75	208.5	196.5	222.75	233.25	193.5	214.25	118.75	112.5	186.5	125	225.25	186	118	184	130	194.25	173.5	118.5	210.25	227	120.75	104.5	194.75	107.5	192	109	204.75	122.5	195.75	109	178.5	115	161.75	185	116.5	175.5	182.25	207.75	116.5	189	206.25	188	208	120	203.75	105.5	130.5	181	124	120.5	218.75	120.25	121	114.5	122.75	109.25	198.5	112	188.75	131.25	178.75	210	117.5	
0.0001617	35	105.5	111.25	192.25	111.75	212.25	180.75	117.75	115.5	178.25	171.25	192	131.5	110.25	107	198.5	115.5	224.25	113	221	224	188.5	202	119.75	203.5	119.5	111.5	173.25	188.25	113.25	166.25	114.25	124.25	110.5	107.75	182	124.25	181	199.25	124	113.25	113.5	170	111.5	197.75	216.5	191.5	189	127.25	116.5	219.75	114.5	103.25	212.25	203.5	189.75	197	187	109	137.25	109.25	205.25	191.25	120.25	186.75	196.75	118.25	209.75	215.75	193	115.25	
0.0001638	35	111	117.5	113.5	243.25	178.25	105.75	109	222.25	191.75	115.25	202.5	187.75	194.25	221.75	233.25	193.75	185	122	118.5	110.5	218.5	113	110.5	107	120.25	130.5	114.5	134.75	185	125.75	200.5	114.5	119.75	107.75	210.25	117.25	197.75	118.25	115	125	215.75	117.5	205.75	114.5	105	184	109.5	119.75	110	113	197.75	114	175.25	118.5	125.75	217.75	118.25	113.5	197.5	109	198.75	121.5	206.5	116.5	200.25	122.5	124.5	112.75	109	117	
0.0001659	35	194.25	202.25	208	117	191.75	204.25	111.5	202.5	215	106.75	107	115.25	108.75	190.75	119.5	177	112.5	118.25	113.25	122	107.75	118	109.5	200.25	187.75	192.5	110	191	121	118.5	174.75	112.25	199	218.75	120	171.25	195.75	153.75	221.25	114.5	181.5	208.25	228.75	113.75	198.75	132	176.25	108	211	123.25	116	110.75	203	218.25	219.25	214.5	197.25	177.75	110.5	112.5	197.75	113	209.5	107.25	184.25	111.5	186.25	122.5	191.5	104.5	
0.000168	35	191.25	109.25	120.25	221	202.25	192.25	166.5	197.75	114.5	116.5	205.25	194.25	195.75	119.25	123.5	213.25	197	223	115.25	117	112.25	200.25	192.25	109.25	111.75	198.75	113.75	109.75	110.75	194	110	117.5	196.5	115.75	214.25	112.25	123.25	186.75	207.5	109.75	190.5	112.75	175.25	178.5	112.25	204	192.25	122.25	220.75	112.5	120.5	215.5	209	111.5	192.75	226.25	186.25	175.5	194	115	212.25	116.75	114.5	129.5	218.75	203.75	204.25	188.5	185.25	227.75	
0.0001701	35	108	118	189.5	113	184	198.5	116	121.5	116.75	204.75	208.75	117.5	109.25	131	110.5	191.75	223	199.25	114.5	197.25	193.75	114	207.5	120.5	120.25	108.5	107	115.25	238.25	197.75	107.25	194.5	116.5	191.25	104.75	180	113.75	121.5	191.5	189.75	216.25	120.75	110.5	230.75	187.75	207.75	184	191.5	118	119.25	107.5	173.25	106.75	219	108	211.5	110	217	108.5	111.25	211.5	196.5	179.5	182.25	113.75	112.75	188	114.5	112	202.5	
0.0001722	35	110.75	191.5	115.5	186.5	111.25	164.5	202.25	184	114.25	194.75	117.5	185.75	196	193.25	117.75	222.75	187.75	169.75	155.5	110.75	213	202.75	111.25	122.5	130.5	128	122.5	200.25	227.75	112	191	197.75	123.75	122.75	191.5	113	208.75	217.75	118.5	111	196.75	215.25	130	187	120.75	111.25	198	181.5	126.5	210	210.75	113.5	125.5	113	184.75	185.25	106.5	117.25	224	227.75	238.5	117.5	113	183.25	108.5	175.25	118.5	128.75	202.25	118.75	
0.0001743	35	192.25	109.5	191	194	121.25	108.75	210.25	193	183.75	220.25	115.75	118.25	203	116.5	107.25	118.5	209.5	212.5	116.25	213.25	198.75	180	202.75	216.75	208	111	131.5	214.5	117.25	181.75	191.25	119.25	113	110.75	118.75	211.75	183.25	200.75	196	222.75	118	119	124.5	119	183.5	116.75	194.75	119.75	116.25	181.25	121.25	209.75	114.5	182.25	197.5	194.25	167.5	191.5	201	180.25	122.5	175	211.75	119.75	213.75	206	178.25	118.25	207.75	113.5	
0.0001764	35	194	109.75	166.75	115.5	187	213.25	187	126	207.5	112	187	116.5	184.25	181.75	186.25	103.75	111.5	218.75	119.25	114.5	113	175.75	107.75	200.75	125.25	111	114.75	190	112	117.25	122	196	189	120	193.75	116.5	125.25	213.25	218	123.75	119.25	117	218	113	203.75	174.5	191.75	118.5	193.75	193.75	123.25	188.5	116.75	128.5	115	118.75	195	239	173.75	117.75	207.5	122.25	198.5	107.25	116.5	106.75	202.75	233.5	218.75	209	
0.0001785	35	118	115.75	214.5	112	110.75	119.25	111.25	116.5	213.5	173.25	172	117.75	110.25	118.25	110	112.5	188	214.5	195.5	119.75	203.25	206.5	125	118.5	107.25	205.5	183.5	168.75	114.75	115	187.5	105	199.5	197.25	116.5	120.75	108.5	128.75	108	112.5	212.5	111.25	105	198.25	120.75	112.25	193.5	210.25	109.25	113.25	187.5	120.5	197	185	219.5	115.75	109	119	179	118.75	118.25	116.25	117.25	110	119.75	169.25	113	118.5	227.25	207.5	
0.0001806	35	116	189.25	209.75	191	184.75	116	213.75	106.5	118.75	247.75	113.75	114.25	182.75	199.75	115	117.75	114	108.75	214.75	195	173	120.25	179.75	222	113.5	184.25	111.25	116	188.25	168	114.5	186.5	206.75	224.25	123	195.75	110.75	190.75	187.75	202.75	111.75	208	181.25	119.5	207.75	189.25	120.25	212	121.25	185.5	117.5	121	107	127	112.5	115.5	204.25	161.25	116	223	112.5	105.25	206.5	110.75	198.25	202	117.75	114.5	210.25	110	
0.0001827	35	117.5	108.75	209.75	190	129.5	214.75	113.5	115.25	116.5	211	120.75	114	114.25	205.25	170	222.25	112.75	119	202.25	201.5	115.25	118	208.25	179.75	108.5	206.5	214.25	207.75	187.25	190	114	119.5	111	190	116.75	217.75	202.5	187.5	113	204.5	118.75	207.25	117.25	108.25	194.25	107.5	193.5	200.5	122	200.25	182.25	202	114	117.5	99.5	193.25	188	181	117.25	107.25	111	225.75	103.5	186.75	174	204.5	112.5	207	206.5	188	
0.0001848	35	227	117	192	106.25	183.75	166.25	210	158.5	121.5	108	180.75	219.25	205	113.25	106	204	131.5	196.5	115	198	112.75	217.25	114	162	201.5	187.75	110.5	128.25	211	123.75	220.75	208.75	197.75	120.25	185.5	211	217.25	187.5	110.5	115.5	111.5	109.25	114	108.5	120.25	117.25	196.5	115	110.5	107.5	207.75	107.5	114	203.25	225	192.25	201	207.25	194.5	180.25	116.75	114	219.25	199	211.75	182.75	112	205.5	198.75	221.25	
0.0001869	35	190.25	203.25	176	113.5	109.75	198.25	112.25	121.5	107	185.75	184.25	185	177.25	246.75	206.25	113.5	116.25	110	176.25	112	199.5	178.75	111	184.25	114	110.75	179	209.5	113.25	120	111.75	206.75	193.75	115.25	208.25	117.5	114.5	221.5	213.75	233	227	205.25	117	180.5	172.75	184.25	116.75	121.25	121.75	191.75	194.75	209.5	122.5	126.75	108	115.5	123.75	114.75	176.5	117	116.5	113.25	110	221.5	118.25	108.75	228.25	121	107.25	109.5	
0.000189	35	116.25	108.5	117.25	201	193.5	109.5	176.75	123	220	110.75	110.75	117.75	210	201.5	121.25	129.75	120.25	181.25	197.75	115.25	113.75	117.75	115.75	117.25	209.75	206.75	121	190.25	215.25	120	201.75	199.5	123.75	115.5	121.75	105.25	193	116.75	203	111.25	215.75	108	189.25	222.25	195.75	125.75	124.5	120.5	209.75	182	116.5	178	119.25	120.5	105.5	117.75	116.75	178.5	123	109.25	191.75	221.25	185.5	119	119.25	180.75	202.25	118.75	190	204.75	
0.0001911	35	181.25	108	110	121	209.25	111.25	115.5	117.75	117.75	119.5	115.25	126.25	124.5	195.25	206.25	120.75	209.5	113.75	124.5	112	219	109	198.5	132.75	210.5	122	192.75	129.5	210.25	114.5	117.25	119.25	197.5	121	124	115.5	203.25	201.25	194.25	192.5	105.5	119.75	126.25	122.75	203.75	209	108	130.25	122.75	108	112.25	186	197	210.75	120.25	117.25	172.5	112.75	111	124.25	200.25	111.25	109.5	196.25	117.5	198	115.25	117	118	115	
0.0001932	35	176.75	207	108.75	197.75	212.25	209	204.25	118.25	201	115.5	114	203.5	204.75	205.25	205.25	199.75	117.75	205.5	193.25	197.75	234.25	129.5	106.5	110.25	114.75	110.75	210	203.75	187	111.25	208.5	124.25	207.75	203.75	112.75	109.75	197	120.25	193.25	187.5	114.75	193.5	193.5	107.75	183	119.25	118.5	182.25	194	118	200	115.25	196.75	186.25	213.5	182	118	119	122.25	224.75	196.25	123	117.25	225.25	180.5	194.75	194.25	182.75	184.25	120	
0.0001953	35	231	182.5	122.5	193.75	115.75	171.5	125.5	169.75	206.75	105.75	218.75	190	208.5	223.75	103.5	183.75	221.75	206.25	110	197.25	113.75	105	118	177.75	208	197.25	122	228.25	195	114	111.25	115	206	125.5	211.25	108	178	110.5	216.5	182	211	131	117.75	104.5	210	179.25	110	114	198.25	116.5	172.5	111.5	113	220.25	197	119.25	197.75	212.5	109.75	210.25	116.75	199.25	199.5	197.25	121.75	187.75	117.75	119	113.5	190.25	
0.0001974	35	105.25	120.75	116	113.5	105.75	118.75	118.5	111.5	116.75	107.5	186	214.5	210.75	187.5	194	188.75	197.25	192.25	196	184.5	122	200.25	203.75	200	118.5	229.75	207	191.25	185.75	204.75	189.75	236	113.25	218.25	110	112.5	116	123.5	183.75	245.5	205.5	186.75	180.25	185.25	113	170.25	118.75	168.5	114.25	117.75	188.25	190.25	112.5	122	129	197.5	174.5	208.75	215.25	119	188.25	214.25	110.75	222.75	123.75	187.25	115.5	113.5	197	119	
0.0001995	35	214.25	225.5	202	108	202.5	215.5	170.25	113.25	188.75	122.5	120.75	194	208.75	180.75	211.5	230.75	113.75	182.75	204.75	202.25	112.5	208.5	221.25	189	112	181	111	192.5	122.75	193.75	115.5	170.25	109.5	188.75	122.25	114	193.5	175.75	189.5	215.75	183.5	115.75	104.25	117	183	208.25	162.5	119.75	176.5	117.5	180.5	116.75	114.25	176	114.25	114.75	196.5	112.75	190.25	177.5	106.5	112.5	110	197.25	200.75	190	205.5	193.75	112	106.25	
