# EMCCD raw fluorescence data file (1 ions, 2 traces)
# trace names: 'carrier dopp cool' 'carrier SB cool'
# format:
# | signalSlot | countcycle 1 .....
# |            | trace 0 | trace 1 |
# |            | ion 0   | ion 0   |
0	35	191	171.5	178	167.5	186.75	187	183.5	179.5	183.25	160.75	187.75	184	168.75	164.5	190	186	161.25	177.75	183	174.25	181.5	195.75	174.25	161.75	167.5	178.25	168.25	169.75	166	171.75	168.5	191.75	168	154.25	164.5	163.75	187.25	160.25	179.25	203.75	165.5	180	157	192	185.5	184	182.5	171	182.75	161	167	180.75	189.5	173.5	174.5	166.75	160.25	167	172.75	191	169.75	181.75	147.75	163.5	174.5	200	186	171.5	179.25	168.25	
2.1e-006	35	161.5	198.25	167	154.75	176.25	104.75	117	177.5	169.75	154.25	109	171	114.75	189	158.75	167.75	201	179.5	192.75	116	185	175.5	180.75	172.5	111.25	113.25	123.5	187	180.5	118.5	116.75	173.75	116.75	114	180.75	181.75	197.25	183.25	177.75	170.75	112.25	190	183.5	111	180	168	191	184.25	157.5	177	179	115.5	163.75	177.5	186.5	111.5	181	161	178.5	191	176.5	173	101.75	163	186	107.5	118.25	165.5	167.75	110.75	
4.2e-006	35	109.25	168.5	120.75	187	116.75	119	105	105.25	185.25	199.25	196.5	197.25	189.25	115.75	112.75	117.25	116	211	107	114.5	164.75	108.75	190.5	120	116.25	123.5	183.75	111	174	176.75	213.25	120.25	105.5	209.5	168	175.5	176.75	177.75	110.75	202	107.5	113.75	113	113.75	118	118	175.75	191.25	119.5	209.75	171.25	122.5	115	111.75	213.5	118.75	122.25	106.25	122	191.75	117.5	115.75	204.75	108	171.5	182.75	109.75	173.25	176	109.25	
6.3e-006	35	117.75	198.5	109	117.5	172.5	119	113.25	113.25	114	114.5	111.5	120	105.5	113.5	105	108.25	121	125.25	116.75	175.25	105.5	122	124.75	110.25	118.5	110	108.25	114.25	108	113	110.75	105.75	116.25	109.25	110.75	119.25	186.75	112.75	108.25	121.5	180.5	109	178.25	111.75	127.25	110.25	117.75	108.75	112.5	117.75	117	112.75	106.75	112	115.5	111.75	118.5	103	107	113.25	105.25	112.75	119.5	108.75	115.5	116.75	116.5	193.75	115.75	112.75	
8.4e-006	35	107.5	108.25	112.25	124	109.5	110.75	114.25	116.25	112.75	120	115.5	120	117.75	119.25	114.75	110.5	207	155.75	116.75	112.25	119.75	194.5	186.5	115.25	177.25	112.75	189.75	121.5	118.75	109.5	186.5	112.75	182	115.25	115.75	122.75	107	114	121.75	118	117	103.25	118.75	113.75	109.75	114.5	117.75	111	115	118	114.25	157.75	116	113.5	127.25	113.5	108	105.5	176.5	119.5	105.5	115.25	190.75	180.75	106	116.5	117.25	111.25	107	117.25	
1.05e-005	35	205.75	115.5	162.5	167.25	116	108	111.5	116.25	154.75	121.5	120.5	219.25	109.5	177	113	182	222.75	113.5	122.25	104.25	107.75	208.25	207.25	196.5	105.5	115.75	179	112.5	105.25	102.5	117.75	178.25	114.25	174.5	181	209.5	123	193.25	191.75	200.5	108	203	111.75	126.25	120	176.75	113.75	112.25	188.25	180.25	118.5	115.5	207.25	116.75	111.75	114.75	191.75	118.5	196.75	185.5	115.5	206	182	188.75	185.75	194.5	117.25	112.5	118.5	189.5	
1.26e-005	35	217.75	116.25	186	197.25	174.25	176.25	203.25	171	116	186.75	162.75	108.75	201.5	175.5	196.75	169	166.75	183.75	122.25	179	164.75	178.75	175.5	206.5	173.25	167	192.5	113.5	119	178.5	112.75	180.5	119.75	198.25	201	164.5	115.25	180.75	176.5	181.75	173	166	112.75	202	129.5	176.25	109.75	168.25	165.75	193.5	196.75	181.25	115.25	187.5	174.5	189	160.5	176.75	179	178.25	181.5	121.75	109	165.25	168	149.5	172.25	205.5	180	182.25	
1.47e-005	35	196.25	189.75	168.5	156.5	179.25	191.5	184.25	182	199	173	205.5	210.75	168	105.75	116.5	113	111	206.25	187	173.5	166.5	168.5	174.75	194.25	176	114.25	168.75	166	221.5	182.75	108.25	193	160	173	121.25	184	181	115	166.25	162.75	176	118.5	192.25	120.25	175	183.25	201	161.25	184.5	168	198.5	108.5	117.5	190.75	173.75	190.75	187.75	183.25	206	184.25	191.75	104	110.5	201.5	122.5	182.5	183.75	191.25	107.75	239	
1.68e-005	35	117	117.5	190.25	162.5	114.75	206.5	194	119.5	169	116.25	110.5	121.25	161	109.5	114.75	120	202	175	186.5	218.75	102.25	122.75	111.5	199	175.75	203.75	177.75	202	176.5	158	192.5	120.75	194.75	117	173.25	120.25	113	188.5	179.5	116	114.5	187.25	177	115.75	190.5	181.75	119.75	121.5	196.75	110	189.5	176.75	186.75	109.75	160.5	111.75	178.25	203.75	186.25	105.25	192.5	205.75	197.75	123.5	164.5	112.25	182.75	173.5	198.5	189.5	
1.89e-005	35	182.75	114	112.25	108.5	116.75	113	175.5	123.75	120.75	180.5	176.75	202.5	178	116.5	202.75	109	121.25	109.5	113.5	115.5	202	105.25	111.75	104.75	174	119.75	105.25	108	116	105.5	184.5	103.5	182.25	110	112	110	167.25	122.25	100.75	186	119.75	192.25	204	116.25	181.75	118.75	174	158.75	204.5	117.5	116.25	120	109.75	110.5	190.5	131	121	209.75	111.75	118.75	192.25	111.5	173	109.5	111.25	108.25	114	109.5	116.5	122	
2.1e-005	35	111.75	110.5	107	108	175	115.25	197.25	117.25	201.25	119	181.75	106	118.25	116.25	164.25	112.25	123.5	116.5	191.25	106	118.75	107.75	122.75	125.75	114.75	102.25	111	120.75	130.5	113.75	114	110.25	204	106	111.75	119.5	205.5	226.5	125.25	111.25	130.75	112.25	108.5	105.75	201	109.75	176.25	103.5	111.5	115	111.75	175.25	115.5	110.5	116	114.75	119.75	114.75	106.25	120.5	113	114.75	111.75	108	178.5	108	107.5	104.5	120.75	115	
2.31e-005	35	193.75	118.5	172.75	175	117.25	109	168.5	199	114.75	106.75	113.75	173	115.25	184.75	193	215	115.75	118.25	111.5	183.75	116.5	117	117	194.75	117.5	108.75	184.5	113.25	113	179.5	185.75	116.5	118	126	195.25	118.75	106.75	176	121	156.75	194.25	111.75	127.25	117.5	115	157.5	116	124.75	112.75	203	123.5	113.25	117.5	119.5	185.25	113	170	109.5	190.25	113	113.5	110.75	109.5	117.75	184.5	172.25	213.5	108.5	120.75	168.5	
2.52e-005	35	121	177.5	118.5	159.5	115	182.25	190.5	182.5	183.75	189	115.75	181.25	106.75	182.25	112.25	180.25	116	219.75	189.25	116	110.5	123.5	200.25	199	203	177.75	163	176	117	172.75	182.25	216.75	178.75	194.25	123.25	189.75	120.75	118.75	173.75	179.25	184.25	184.5	122.75	114.75	177.75	168.5	173.5	111	124.75	170.75	176.75	176.75	124.75	106.25	187.25	116.25	122.5	123.75	123.25	130.5	178	191.5	117.5	108.5	114.5	122.5	181.25	198.5	115.5	204	
2.73e-005	35	194	205.75	181.25	174.25	194.25	182	188.25	183.25	109	188.5	110.5	181.75	180.25	195	190.5	169.75	195.5	108	194.75	197.25	171.75	194	218	177	173	118	110	185.75	185.75	202	114.5	179	192.5	111	195	217.75	181	164	188.75	184.75	201.75	172.5	107.5	200.25	112.75	186.5	203	116	183.25	110.5	171	183.25	112	181.5	183.5	167.25	204	176.75	112.75	173.75	194.5	119.75	221.5	182.25	117.5	106	179.75	180.5	115.25	117	
2.94e-005	35	183	185	177.25	191.25	192.25	218.25	176	173.5	194.75	172.5	201.25	184.25	186.25	112.75	214	116.25	180.75	216.25	109.25	183.75	171.25	179	179.75	121.75	112.5	205.25	172.25	118.5	110	112.25	187.25	173.75	106.75	179	175	221.5	113.5	115.25	204.5	168.75	109.75	198.5	114.5	182.75	187.75	192.25	184.5	183.25	194.25	189.5	113.75	195	183	186.75	190.25	191.5	193	115	178	183	113.5	116.75	207.25	105.25	189.75	187.5	172.25	197	194	107.25	
3.15e-005	35	124	116	115.25	116.25	163.75	110	192.5	125.75	116.75	110	109.75	117.5	121.75	204.25	201.5	117.75	189.25	183.25	211.75	178.5	121.25	176.5	175.25	114.75	176	108.5	213	126	107.25	173	173	116	180.25	204	114.5	114	212	117.75	185.25	211.5	107.5	114.75	177.5	107.25	194.5	193	218	107	118	225.75	188.25	184	179.25	112.25	196.25	125.75	182.5	111.5	196	161	222.75	119.75	119	207.25	165.5	113.75	110	182	183.5	114.5	
3.36e-005	35	107	119	110.5	125.75	105.5	172.25	114	116.75	105.25	116	106.75	113	197.25	196	105.25	116.5	121	111	121	110.5	111	105.75	178.75	105.75	172.5	114.25	111.5	155	179.75	133.25	182.25	207	195.5	112	199.75	117.75	172.25	115.75	194	183.75	184.25	118	174.75	124	183.5	113.5	201.5	125.75	111	115.25	113.5	111.25	119	180.75	116	176.75	178.5	121.75	180.5	118.75	188.25	120.5	119.5	104.75	120	109.5	204.25	110.75	112.25	118.5	
3.57e-005	35	122.25	111	219.25	113.5	112.5	124.25	113.25	123	193.75	110	170.5	105.25	117.75	110.25	110.75	107.5	119.5	117.75	179.5	117	112.75	117.25	113.5	116.5	107	117	193.75	115.5	122.5	172.5	116.25	114.75	120.25	111.5	117.5	175.5	122.25	113.25	168.25	105.25	190.25	108.5	211.75	130.75	112.5	184.25	175.25	177.5	119.5	190	113.25	172	117.25	223.5	173	109.75	116.25	181	126.75	106	196.75	112	121	113.75	117.75	117	120.5	111.75	107.5	117	
3.78e-005	35	168.5	110.75	109.5	157.75	112.5	210.5	110.25	166.75	124.25	189.75	111.25	106	107.25	120	193	183.75	115.75	110	183.5	181	120	183	171.5	112.25	103.75	185.5	219	194.75	181.5	181.25	167.25	110.75	165.75	190	124.75	112.75	105.25	163.25	185	194.75	119.75	235.75	117.75	196.5	116.5	176.5	188.75	203.75	112.25	168.25	113.25	115.5	114.25	119.5	173.5	208	114.75	192	111	113	184.5	152.5	114.75	123.25	193.75	187.75	203.25	123.75	109.5	213.75	
3.99e-005	35	182	112.25	201.75	195.25	167.25	201	187.25	184.75	206	123.5	195	181	116.75	182.75	117.25	118.25	224.75	108.25	181.5	107.5	115.25	175.25	223	189.75	119	190.25	198	115	203	183	116.25	203	115	124	193.5	178.5	187.75	190.25	209	199.5	106.25	186	176.75	116.25	184.5	167	200	188.25	198.25	194.5	118.5	191.75	127	206.5	205.25	201	196.5	110	115	204.25	118	193	201.25	194	119	113.75	217	182.25	122.5	202.75	
4.2e-005	35	211	198	196.5	191.25	188.75	213	181.5	107.75	208	109.25	126	109.25	195.75	182.5	198	112	182	207.75	196.75	189.25	108.75	171.5	122.5	200.25	166.25	189	122.5	116.5	118.75	199.75	196.75	116	167.75	110.5	181.5	202.75	123	108.75	180	109.5	221	206	172.25	190.75	225.75	187.5	109	206.25	182.5	169.5	180.25	202.5	190.75	197.25	112.75	114.5	180	118.5	191.75	178.25	189.5	106	167.75	111	186	187	112.5	206	186.5	202.75	
4.41e-005	35	207.5	207.75	183.5	113.5	167.75	119.75	121	211	119.75	113.25	108.25	194	118	112.5	105.5	114.75	186	203.25	113.5	119	179.75	109.25	199	188.5	181	203	111.5	111.75	188.25	109	216.5	173.5	109.75	165.25	180.75	115.5	191	113.25	187	102.75	114.5	177.75	188.25	184.25	197.5	106.5	206.5	174	181.75	192.5	119	114.5	117.75	183.5	171	111.75	189.25	112.75	118.75	112	195.75	117.75	110.5	111	190.75	191.5	112.75	113.75	106.25	181.75	
4.62e-005	35	178.75	188	112.75	181.75	167	177.75	129.25	117	107.5	108.25	188.25	114.75	200.75	110.25	211.5	115	178.5	100.5	109.5	113.5	181.75	119.75	122.25	120	189.5	111	117.75	115.25	112.75	108.5	109	110.5	111.25	119	188.25	184.25	111.25	114	116	116.5	180.25	114.5	105.5	113.5	201.5	116.75	117	108	111.5	111.5	115	105.75	172.25	119	211.25	192.5	186.75	114.75	111.5	118.5	120.25	112	108.25	107	115	118.5	203.75	104.5	106	120.75	
4.83e-005	35	114.5	117.25	120	186.25	113.5	112.5	106	111.5	121.5	127.75	172.75	108.25	221.5	114.25	114.25	122.75	117.75	112.75	111.25	108.5	115.25	113.25	117	119.75	115	114.75	106.75	170.75	220	109.25	208.5	116	227.25	121.25	114	116.5	113.75	116.5	121.5	180	118.75	116.25	108	109	120	186.5	111.75	192.75	210.5	116.75	111.5	110.25	117	123.25	207.25	195	184.25	111.25	168.75	115.5	188.75	111	113	113	168	131.5	115	114.25	110.25	115.75	
5.04e-005	35	187.5	105	132.5	208.25	218.25	199	201	189.5	169.75	180	193.75	118.25	123.75	202	186.5	212.75	109.25	188.75	121	201.75	165.5	107.5	106.5	119	115.25	164.5	187.5	182.25	102.5	227	214.25	111	126.5	195.75	111.25	111.25	106.75	189.25	184.25	171.25	184.5	175.25	208.5	185	109	191.25	182.5	107.75	111	113.75	114.5	123	221.25	119	179.75	225.75	187.5	195.25	194.25	105.5	199.5	214	107.5	108.75	210.75	155.25	120.75	180.75	124	182.5	
5.25e-005	35	115	175	116.25	192	188	205.75	118.75	182	116	203.25	189	170.75	108.75	122.75	205.75	183	114	188.75	115.75	190.5	190.75	123.5	206	194.25	197.75	114.5	169	117.75	110.25	199	162.5	180.25	212.25	187.25	179.75	113	114.75	113.5	109	116.75	110	151.75	120.25	119	116	179.5	114.25	185.25	197	200.75	195.25	178	122.75	111.5	210.75	218.5	113.5	192	200.25	207	164.5	169.25	111.5	198.5	111.5	123	199	182.75	185.5	185.5	
5.46e-005	35	168.5	119.75	191	119.25	210	183.25	111.75	118.25	123.75	109.5	108.75	192	211.75	210.25	111.5	194.25	183.5	185	196	185.5	204.25	200.25	210.5	177.5	184	195.25	196.25	184	127.75	158.5	192.5	119	209.75	135	116.5	181.75	187.25	198	210.5	184.25	113	110.5	124.5	184.5	169.25	180	191.75	204	110.25	186.5	116.75	116	193	204.25	200.75	199	105.25	168	111.25	172.75	111	121.75	159.25	178	119.25	117	184.25	215.5	202.25	217.75	
5.67e-005	35	117.75	191.75	116.75	115.75	109.5	187	194.5	118.25	196	201.5	114.25	116.75	180	114.5	171	181	187.5	196.25	174.25	194.25	114.5	123.5	164.75	109.75	198.75	169.75	174.75	190.75	189.75	105.75	199.25	172.25	192.5	107.75	114.25	188	197	112.75	191	182.75	193.75	171	193.25	170.25	210	190.75	220.5	116.75	205	116.5	113	123	115	199.25	108.5	180.75	119.5	158.25	206.25	183.5	177	114.75	183.5	106.75	193.25	104.25	114.25	104.5	109.25	123	
5.88e-005	35	116.75	112.75	186.75	174	209	119.75	189.25	117	204.25	108.5	182.5	109.75	118.75	118.5	117.5	105.5	121.5	175.5	179	200	197.75	109.75	180.5	112.75	200.25	213.5	110.5	201.75	171.25	110.75	119.75	115.25	108.5	124.5	107.25	115	185.25	105	206.75	126	124	113	181.75	200.5	174	132.25	197.75	184.25	116.75	122.5	196	105.25	212	107	119.5	112.25	171.75	115.25	203.75	127	200	117	108.5	115.5	123.5	124	181.25	110.5	220	180.25	
6.09e-005	35	121.25	117.25	183.75	194	114.5	112.5	105.5	116.75	128.25	108.75	108	193.5	191.25	112.5	116.5	110.5	203.5	177.5	199.25	113.25	204.5	108	119.25	117	190	117.5	109.5	114.25	199.5	106.75	108.75	108.75	192.5	111.25	117.25	102.75	186.25	103.5	117.75	107.5	202	105.5	204.25	123	206.5	109	210.5	106	111.25	215.25	205.5	116.5	180.75	110.5	110.25	115.75	201.75	120.25	212	113	200.25	117.5	112.75	116.5	164.5	173.75	179	193.25	191.25	114	
6.3e-005	35	114.25	115.5	117.75	109	110.5	115.75	123.25	197	110.5	107.25	106.5	189	114	171.75	192	180	202.5	120.5	205.75	187.25	186	207.75	108.5	201.5	118.75	167	120	180.75	107.25	128.75	187.75	114.75	167.25	116.5	112.75	165.75	205.75	189.5	172.75	125.75	194.5	115.25	174	191.5	122.25	115	124.25	186	115.5	111	115	107.25	192.5	122.75	110.75	112.75	211.25	104.75	215.25	112.5	111.75	125	173	210	112	105	192.5	107	179.25	116.25	
6.51e-005	35	110	179.25	115.75	116.5	185	133	118.25	181.75	233.75	189.75	114.25	193	106.75	113.75	114.5	195.25	107	212.25	108.25	195	121	212.25	108	166.75	179	193	193.5	208.5	194	204	116.25	192.75	164.25	175.25	228.75	117.5	183	165.75	120.5	110	196.25	192.75	203	155.25	113.75	120.5	189	190.25	186.5	200.5	206	193.25	189.75	114.5	205	187.75	121	181.5	121.25	177.5	184.5	164.25	189	196	226.75	181.75	187.5	183.75	106.5	186.75	
6.72e-005	35	195.5	169.25	118.75	193	203.75	182.25	191.5	198.75	117.75	202.25	107	218.25	110	177.25	117	192.75	113	111.75	109	190	112.25	196.75	176.75	197.25	122.25	189	203.75	188.25	193.75	108	116	196.25	182.25	199.25	118.75	181.5	110	122	115.5	206.75	183	192.5	199.75	197.25	168.75	107.5	111.75	185	203.75	175	115.25	227.75	200.5	201.75	192.75	109.5	106.75	221.5	178.25	195	177.25	115.75	199.25	186.5	211.25	195.25	114.75	197	213.75	191.75	
6.93e-005	35	121.5	116.5	181.5	187.5	115.25	195.25	187.25	115.5	169.5	191.5	183.75	170.25	209.25	117.25	117	173.25	114	182	114.5	189.75	118.25	200.25	106	116.75	120.25	200.5	107.25	109	198.5	188.25	179	189.5	207	182.25	209.5	170.5	200.25	201.75	123	177.75	112.5	205.5	179	113.25	112.5	189.25	211.75	105	216	193.5	190.5	197.25	111.5	198.25	198	124.25	177.5	181	199.25	185	208	199.75	116	112.5	200	110.5	192.25	214	116.75	196	
7.14e-005	35	185.25	182.25	221.75	194.25	107.5	112	113.25	209	177.25	181	181.25	200.75	107	203.5	118.25	179.75	196.5	112	109.5	117	188.75	182.25	175.5	210	197	181.75	200.75	107.75	180.25	118.75	188.5	114.5	186.25	180.5	114.25	107.5	114.25	108.75	123.5	117.75	214.25	114	210	199.5	188	193.25	111	115	218.5	183	107.25	193.25	196	194	188.75	208.25	115	116.75	182.5	156.25	110.25	196.75	124.75	191.5	224	119	190.25	167.75	203.5	177.75	
7.35e-005	35	111.5	109.25	103.75	200.25	202.25	195	192.25	114.5	213.5	110	121.75	203	125.5	118	210.5	115.25	169.75	195.5	114.5	115	116.75	209.75	115	116.25	110	178.5	206.5	116.25	174.75	111.5	107	117.75	168.25	119.75	217	112	186.25	103.75	212.75	105.25	207	178.75	118.75	106.5	193.25	109.5	119.25	105.5	177.5	125.75	104	193.25	115	107.25	120.5	111.5	185.5	119	123	115.75	118.25	119.25	195.5	113.75	193	175.25	184.75	113	176.75	166.75	
7.56e-005	35	114.5	108.25	115.75	109.25	121	183.25	114.5	116.5	121.75	113	173	116.25	129.25	119	197.25	114.75	116.5	107.25	183.5	108.75	119	186	110.5	121.25	194.75	114.75	188.25	181.5	128.25	163.25	189.25	119.75	114.5	183	103.25	118	125.75	169.75	171	167.75	130.25	105.75	176.75	183	168.5	117.5	111.5	111.75	208.75	190.25	116.5	123	219.5	198.75	181.5	114.5	125.25	176.5	115.5	104	189	175	176.5	187.75	115.5	110.25	121.25	124.75	186.25	112.25	
7.77e-005	35	123.5	196.5	118.25	111.5	122	179.25	196	219	170.75	195.5	179.75	182.75	187.25	117	123.75	200.25	114	104	110.5	188.5	108.75	109	119.75	216.75	113	122.25	118.25	112	116	189.5	196.5	182.25	213.25	182.25	194	109	112.5	114.5	200.25	119.5	177.5	181	220.25	109.25	170.25	182	195.75	115.75	176.75	173.75	116.5	190.5	115.25	118.75	120	170.25	197.75	182.75	212	118	116.25	112	188.5	177.75	193	193.75	201.25	120.25	119.75	208	
7.98e-005	35	217	182	183.5	190	120.25	109	188	168	195.25	110	105.75	212.5	114	200.25	198.75	119.5	210	203.75	181.5	216.25	109.5	199.5	210	207.25	177.5	108	112	186.5	118.75	120.5	120	223.5	115.5	191.5	191.75	190	115	206.75	199.25	205.25	103	218.75	175	177.75	123	203	203	174.75	123	110.5	114.5	208.25	199.25	180.5	188.75	178.5	113.75	193	192.5	193.5	111.25	201.5	111.25	116.5	116	204.25	184	112	129.75	200.75	
8.19e-005	35	108.75	184.5	199.75	188	161.75	189.5	201.5	197.25	112.75	210.75	112.75	204.25	123.75	117.25	114.25	184	118.5	209.25	114.25	194	122.25	111.5	115.5	168.75	176	189.5	201.25	198.25	113.75	198	222.5	112.25	188	206.5	189.75	177	191.5	178.5	111.75	111.25	198.75	198.5	109	194.5	180.25	180.25	125.75	209.5	114	191.75	210.5	120.75	182.25	115.25	196	176.25	182.5	112	213.25	113.5	113.5	112.75	189	120.25	119	232.25	119.75	117	175.25	188	
8.4e-005	35	122	120.25	217.25	119.5	180	111	107.75	204.25	106	201.25	212.75	119.75	172	170.75	159.25	173.5	183	110.75	111.25	193.75	119.25	112.5	110.75	114	197.5	114.75	235.5	117.5	193.75	170	193	207.25	221.25	115	193	203.25	194.25	183	114.25	117.25	114	120	191.5	192.25	107	110	181.75	112.25	114.75	119	181.75	121.5	213	119.5	193.5	118	187.5	176.75	107.5	113.75	120.25	173.75	132	117.25	114.5	105.5	167	113.25	108.75	114.25	
8.61e-005	35	213.75	125.25	116.25	110	110	113	113.25	111.5	189.75	117.25	174.25	114.75	205.25	127.75	116	112.25	110.5	182.5	109	175.25	120.25	116	169.25	119.75	191.5	111.5	111	117	123.75	120	109	185.75	107.25	108.5	195.5	112.25	179.5	116.5	107	117.5	115	116	188.5	115.5	207.25	109.25	113	193.75	162.75	123.75	189.75	121.5	111.5	119.75	172.5	112.5	115.75	106	120	115.75	195.25	119	133.25	104.75	116.5	114.25	182.75	118.25	181.5	114.75	
8.82e-005	35	114.25	115.75	109.25	112.75	106.25	114.75	188	113.25	208.25	233	122.25	112.25	182	185.5	187.75	103.75	168.25	118.75	130.25	187.75	170.25	172.75	117.25	206.5	120.75	112	132.5	113.25	195	190.5	112	114.75	221.25	189.5	116.5	178	114.75	201.25	113.5	107.5	111.25	115.75	114	104.75	106.25	108	231	202	186.25	231.75	195.5	138.25	124.5	107.75	189.25	173	178.25	205.75	109.5	203.25	118.5	185.75	114.75	194	116.5	115.75	175.25	199.5	110.75	108.75	
9.03e-005	35	195.75	184.75	110.25	193.75	117.5	109	109.5	122	169.75	184.5	183.75	187.25	120.75	181.75	120.25	184.25	116.5	111.75	109.75	107.25	194.5	189.5	114.5	203	108.75	116	106.5	174.75	173.75	121.5	111	211.75	172.75	110.5	194.75	180	114	120	201	105.75	110.75	203.5	107.25	171.75	118.75	129	113.75	118.25	195.5	213.5	115	205.75	115.5	108.5	208.25	215.5	109.25	191.5	201.5	206.75	182	197.75	123.25	201.25	115.75	216	112	112	114	210.25	
9.24e-005	35	110.75	108.5	115.75	180.25	196	115.75	196.5	178	191.25	184.25	114.75	192.25	207.75	117.75	170.25	115.75	201.25	182.75	179.75	108.75	179.75	127	185.75	182.75	112.25	199.5	108	181.75	112.75	112.25	117.5	111.25	192.5	123.5	198.5	163.75	193	238.25	198.75	201.25	175.25	205.5	117.5	191.75	109.25	199.25	181	199.75	197.75	172.5	114	213.25	211	117.5	109	169.75	197.25	203.75	119.5	194.75	110.75	171.75	113.75	188	185.25	115.5	197.5	172.5	177.25	190.25	
9.45e-005	35	196.75	118.75	113.25	115	212.5	114.25	111.25	118.25	115.75	124	188.25	193	191.25	111	189	113.25	116.75	221.25	114.75	190	122.5	178.25	118	121.25	203.25	172.25	201	183.5	168	229	194.5	180.5	209	115.75	114	175	197	210	181.75	112.5	113.75	192	215	211.5	114.5	115.25	129.5	174.75	198.25	200.25	185.5	191.75	111.5	112.25	162.25	199.5	218.5	205	109.75	188	220.5	170	115	203.25	110.25	193.75	120.5	214.75	210.25	126	
9.66e-005	35	113.75	189	202.25	116	199.25	207.25	114	109.25	179.75	112.25	179.75	112.75	209.25	120.75	207.75	108.75	107	111.25	104	196.75	108.5	221.25	132.5	113.5	205.75	191	166.25	234.5	116.75	120	191.75	179.25	215	206.75	182.5	203.5	197	185.5	202.75	202.5	119.5	116.75	108.75	158.5	113	109.25	114.5	107.25	202.25	123	110.25	183.75	116	186.75	126.75	179.75	191.75	110.25	189.75	188.25	171.5	180.5	165.75	178.5	178.75	180.5	184.25	206.5	110.25	115.5	
9.87e-005	35	124.5	113.25	194	189.5	114	178	193.25	109.25	220.5	104	202.5	120.75	185.5	189	118.25	160	183.75	199.25	115.75	194.25	115.25	117.75	182.25	118.75	218	111.5	175	106.75	175.25	211.75	108	210.25	120.25	108	107.75	111.75	182.25	204.75	186.5	119.75	112.5	198	171.75	123.25	174.25	197.25	118.25	184.75	113.5	108.25	198.25	112.75	114.5	236.5	111.75	121.25	116.75	186	169.25	126.5	193.25	117.5	198.25	190.25	177.75	185.5	195	111	116.5	107.5	
0.0001008	35	176	113.75	109.5	110	112.25	110	196	117.25	204.75	111.75	119.75	174.5	129.25	108.25	182.25	201.75	123.75	183.75	118.75	116.75	102.75	109.25	183.25	113.75	115.25	108.75	129.25	111.25	135.5	189.75	111.25	134	117	202.5	114.25	194	106	198.5	188.5	208.75	175.5	193.75	196.25	184	193.5	197.75	118.5	111	117.5	122	108.75	182.5	115.25	183.75	111	111.25	178.5	108	112.25	183	115.5	121	196	121.75	112.75	109.5	130.75	110.5	206	109.25	
0.0001029	35	114.5	181	202.75	156	113.75	189.75	181.5	208.75	118.5	109.75	111	114.5	121.25	173.25	171.25	185.25	111	212	204.25	131.75	184.75	114.25	120.25	165.5	188.5	109.25	117.5	115.75	194.5	109	201.5	121.5	216.5	118.75	115.75	203.75	110	108	117	107.75	190.5	110.25	201.75	186.75	106.5	107.25	172	183	113.75	116.5	118	202.25	115.75	169.5	113.75	112.75	205.25	107.75	113.75	110.5	121.5	114.75	193.75	123.75	111	115	183	183.75	200.5	195	
0.000105	35	117	117.5	173	203.25	115	109	208.25	120.75	118.25	215.5	121	196	113.25	209.75	113	114.75	109.5	198	117	109	125.25	180	125	120.5	119.5	197.75	199.25	177	116	209.25	198.5	210	113	119.25	193.25	109.5	172	201	203	111.75	194.5	204.25	110.75	214	198.5	119.25	123.75	182	115.75	186.5	114.75	191.5	195.5	195.75	123	111.5	204.75	211	173.25	177	111	117.25	211	133.75	114.75	174.5	187.75	208.5	122.5	176.25	
0.0001071	35	124	203.25	208.5	130.25	115.75	191	117.75	106.5	183.5	223.25	132.75	198.5	117.75	208.75	183.5	184.5	122.25	187.5	213.25	171.5	109.5	197.75	205.5	215.5	187	172	182.25	182.25	112.75	203.25	106.25	181.75	106.25	186.25	203	108.5	179	179.25	197.25	186	188	174.5	216.75	183	184.25	120.75	166.5	184	116.5	115.25	204.5	203	118.25	179.75	189.5	173.75	117.75	193.5	172.75	112.5	108.25	120	170.5	187.25	104	205.75	115.5	195.75	204.5	188	
0.0001092	35	195.75	125	189.5	113.25	168.75	210	106.5	122.75	174	198.25	112.25	110.5	190.5	121.5	175	194.5	203.5	109.75	186.25	114.5	109.5	108.75	201.25	215.75	123.5	173	112.5	173.5	216.5	202.75	116	181.75	112.25	171.5	114.5	203	193.25	131	181	175.5	117.75	116.75	187.5	200.25	118.5	207.25	214	218.75	108.25	173.5	185	122.5	118.75	171.25	203	163.75	169.25	199	205	191.5	200.5	180	119.25	174.5	185.5	203.25	195.75	188.75	108.75	181	
0.0001113	35	104.5	112.75	183.25	188.5	129.25	114	121.5	112.75	122.25	198	193.75	188.25	212.5	121	172.75	194.5	185.5	190	209.5	119	176.25	122.25	128.25	114.5	202.5	120.25	118.5	173.25	193.75	109.75	190	115	191.25	196.25	177.75	115.75	128.25	195.75	117.5	213.25	206.25	107.75	159.25	118.25	109.25	102.25	196.75	105.75	173.75	104.75	113.25	113.75	207.5	180.25	199	113.75	114.5	182	196.5	186	188	107	171	126	112.75	123	121	165.75	196.5	118.5	
0.0001134	35	220.5	173.75	191.25	115.5	109.75	108.25	163	183.5	212	110.5	193.5	120.5	113.5	115.25	175.5	118.75	193	124.75	161.25	122	114	118.5	119.25	217.5	129.25	185	125	110.5	111.75	104	196.75	196.5	170.5	110.5	130.75	110	196.75	115.5	188.5	162.5	118.5	108.5	110	122	180.75	176	104.25	111	210.25	201.5	117.5	117.25	181.5	211.75	175.75	201.75	167.5	119.25	165.25	110	182.25	109.5	114.75	114.75	122.75	123.25	183.75	126.75	175.75	177	
0.0001155	35	109.25	196.75	213.25	119	204.75	184.25	172	101.25	176.75	212.25	113.25	188.25	172.75	120.5	118.5	109.5	122.25	105.5	112.25	193.25	114.75	112.5	107.5	177.25	194	112	118.75	121.75	121.25	204.5	114	107.25	212	170.5	121.25	105.5	119	111.25	188	117.25	181.75	120.75	118.5	109.5	198	122	181.25	113	219.5	112	110.25	114.75	192.5	110.25	120.5	113.5	120.5	105.75	116.25	180.75	114	114.25	119.75	109	116.5	105.75	199	113.75	112.25	201	
0.0001176	35	117.25	109	112.5	167.25	190.25	195	121.5	193.5	177.5	107.75	204.5	114	113.25	109.5	182.25	189	126.5	201.5	113.5	125.25	202.5	173.5	115.25	119.25	112.75	207.75	117.5	113.25	119.25	223.75	117.5	107.25	113.5	117.25	195.75	121.75	125.25	115.75	214.25	206.25	203	201	226.25	175	179.25	111.5	113	115	113.5	186	125	111.25	121.25	115.25	208	217.75	197	114.25	117.5	174.5	129.25	117	111.75	210	112	216.75	115.25	111.75	186	198.25	
0.0001197	35	108.5	106.25	125	215.75	111.75	194	116.25	185	199.75	201.75	196.5	115.25	126.25	181	116	202	200.5	109.5	198.75	169.75	111	202.75	204.75	201.5	175.75	205.25	109.5	207.5	195.25	174.25	201	118.5	115	216.75	206.25	118.5	185	184.75	225.5	111.5	190	185.5	177.5	207.5	201	201.5	215	122.5	198.5	181.25	228.25	200	209.25	115.25	175.25	191.75	172.75	200.5	112.25	213	125.75	116.25	123.25	172.25	115.5	199.25	194.25	106.75	117.25	174.75	
0.0001218	35	206.25	173.25	222.75	207.5	210.75	205.25	175.5	119.25	111.75	203.5	120.5	104.5	129	110.5	118.5	192	182.5	188.75	106.5	108	107	214.75	109.5	160.75	113	195.5	218	185.25	195.75	232.5	113.5	192.5	180	200.75	211	167.75	169.75	207.75	208	200	191.75	181	116	113	109.5	178.5	197	122.75	111.25	204.25	204.5	216	204.5	194.75	109.75	190.5	188.75	129.5	110.25	186.5	199	117.5	175.5	118	119.75	110	181.5	191	114.5	117.25	
0.0001239	35	189.75	115	189	116.75	166.5	190.5	197.75	125	183.5	207.25	127.75	106.5	215.25	173.75	112.25	113.5	112.75	109.5	164.5	188	194.5	112.25	116.5	114.25	174.5	109.5	180.75	182.25	186	161	206	193	116	188.25	180.5	199.25	177.5	189.25	118	131	108.5	126.25	109	183.25	199	107.75	167.75	119.25	121.75	117.75	205	200.25	213	112.75	111.5	114	198	118	118.25	115	195.75	176.75	124.5	117.25	111.5	217.25	197.5	208.5	106	115	
0.000126	35	107.5	106.25	197.5	195	218.75	115	122.25	110	109.75	114.5	109.75	115.25	117	114	120.75	113.25	198.5	117	192.5	120.75	160.25	104.25	188.5	113.25	117.25	181.25	187.75	176.75	109.75	120.75	105.75	174.25	128.5	111.5	187.25	112.25	183.75	188.75	193	113.5	117.25	116.5	174.75	116.5	196.5	208.75	110.25	105.25	121.5	114.25	112.75	107.5	114.25	106.5	113.5	109.25	108	131	196.25	118	133.25	105.75	110.5	122.25	232.25	111.25	189.25	188.25	110	117.25	
0.0001281	35	187	165.5	221.5	204.25	114	112.75	224.5	116.75	232	207.25	119	105.75	220.25	192.5	122	206.75	183.75	185	182.25	205.25	182	193	118.5	194.25	202	115.25	187.75	121	173.75	127	123	191.75	179.5	188	184.75	224	195.5	116.25	177.25	208.75	115.25	200.5	115.75	180.5	192.75	110.25	186	115.25	108.5	191	111	109	206.75	177.5	202	180.5	223.25	116.5	186.75	205	109	197	200	116.5	117	100.25	194.5	204	193.75	112	
0.0001302	35	113.75	109.25	128.75	107.25	112	114	195	118.5	213.25	117.5	118.25	193	113.75	196.25	112	177.75	190.25	169.5	219.5	204	203.5	195	214.5	120	182.25	195.75	187.75	109.5	115.25	224.25	110.5	178.75	218.5	122.75	114	116.25	196.75	126.25	183.75	108.75	212.75	201.5	189	120.25	118.75	110.25	186.25	217.75	177.75	207	226.25	225.5	109.75	122	227.25	201.25	198	165.5	193.25	179.25	112.5	225.75	107	177	116.25	190.75	216.75	192.25	209	201.5	
0.0001323	35	113.5	208	112.5	209.5	114	119.5	113.25	114.25	190	105.25	113.75	191	197.5	108.25	126.75	109.75	177	192.75	196.75	107.25	213.75	226.25	113.75	215.25	122	186	118.25	115.75	126.25	197.75	191.5	180.75	195.25	197.25	123.25	199	128.5	190	116.5	179.25	115.75	182.75	193.25	188.25	195.25	126.5	108	112	116.75	207.25	191.5	195.5	106.5	105.25	196.25	195.5	172.25	178.5	163	123.5	187	202.75	112.75	126.5	108.5	190	187	180.75	115.25	111.25	
0.0001344	35	188.25	182.75	126.5	114.25	116	196.75	107	179.75	193.75	205.25	174.75	109.5	113.5	109	108.75	196.75	117	199	123.75	216	119.25	109.25	110.75	120	189.75	203.5	203	185.5	115.25	121.5	115.5	200.5	111.25	218.75	109.5	114	111.75	208	207.75	197.25	113.75	198	192.75	119.5	105.5	112.5	112.5	217.5	212.25	121.75	119.25	119.25	220	114.25	120.25	137	198.5	227.25	182	209	116	193.75	118.25	222	205.5	190.5	193.5	182.75	119	182.25	
0.0001365	35	197.75	113.25	110.75	115.75	204.25	109.5	121.5	112.5	181.25	126	109.5	192.25	174	200.25	126	203	112	112.5	117	111.5	196.25	123.75	134	123.25	112	204.5	208.75	103.75	206.5	209.75	187.5	173.25	183.25	121.5	108.5	111.5	116.25	116	104	200.5	209.75	191	114.5	165.25	173	112.25	118	114	180.25	205.75	167.75	117.75	205.75	118	192.5	117.25	196.25	194.75	203.5	211.5	106.5	203.25	115.5	202.25	133.25	116.25	115.25	199.25	193	111.75	
0.0001386	35	183	206	186.75	110.25	206.25	112	224.25	109	113.5	115	196.75	109.25	119.25	118.5	170.25	165.5	165	199.25	111.25	181.25	180.25	196.25	116.5	112.25	197	112.5	165.5	119.25	114.75	209	187	169	185.75	227.5	219	180.5	137.5	210.5	199.75	215.75	109.5	110.75	116	125	110.5	121	117.5	111.75	196.75	120.75	196.75	114.25	195.25	203	171.75	111.75	179.5	107.75	116.25	114.75	188.75	185.75	220	114.25	122.25	188.75	202.75	194.25	114.75	114.75	
0.0001407	35	161.25	169.25	108.75	119.75	192	106.5	214.75	113	111.5	112	108	119.25	224.75	119.75	117.75	110.25	118.5	110.5	107.5	191.25	121	109.75	181.5	113.5	231.5	113.25	115.5	202.25	203.75	179.25	198.75	121	123.25	220.25	125.25	114.75	130.5	177.25	176.75	162.25	187.25	116	123.5	189	117	114.5	118.25	112.25	112.25	185.75	222	122.5	180.75	123	117	112.75	184.5	117.75	119.5	117.5	117.25	110.5	119	109.25	111.75	116.75	195.75	118.5	115	178.5	
0.0001428	35	113	209.5	115	117.25	220.75	115.25	122	115.5	200.5	114.5	122.75	177	195.5	117.75	189	112.25	117	198.5	207.25	104.75	119	125	219	175.75	216.5	121.25	123.5	120.5	122.75	193.75	113	117.75	207.5	196.25	112.75	156.5	185.75	213.75	187	208	216.75	205.25	184.25	129.5	115.75	169.75	127.5	122.5	209.75	113	221.25	120.5	127.5	116	216.25	120.5	113.25	125	108.25	227.25	182.25	186.75	112.25	110.25	227	186.25	110.5	107.25	176.5	118.5	
0.0001449	35	196.5	218.75	126	200.25	217.75	220	117.5	200.75	203.25	223.5	125	215.75	199.25	111.5	203.5	111.75	181.25	117.5	122	219.5	224.5	179.5	127.5	179.75	216.25	214	197.5	202.25	118.75	116	171.75	174.5	194.25	118	120	206.75	114	214.5	111.75	109.5	221.5	229.5	207.25	179.5	182	178.75	123.75	164.25	113.75	202	124.5	185	189	113.5	199	105.5	186.75	110.25	178.75	192.5	204.75	181.25	113	111.75	174.25	168.5	170.5	177.75	112	212	
0.000147	35	189.5	114.75	110.25	180.75	190.75	196.25	115.5	239.5	132.5	109.5	213.5	113.5	203	193	207.5	104.25	106.25	201.5	188.25	112	123	185.75	111.5	202.25	197.75	194	117	117.75	115.25	122.5	113.5	110.5	106	203.5	203.5	214.5	110.5	210.75	110.5	185.5	206.75	179.5	190.25	106.75	191.75	119.75	198.25	183.25	199	111	219	137.75	118.75	117.25	186.75	113.25	118.75	114.5	229.75	193	106.75	118	109.25	111.25	116.25	195	118	183.25	191	185	
0.0001491	35	116.25	103.75	117.5	109	183.75	122	220.5	114.75	111.25	192.75	115.5	116.5	110	180	195.25	108.5	190.5	208.25	112.5	113.25	205.75	197	117	175.75	198.5	123.75	200.25	113.25	116.25	226.25	203.25	119.5	113.75	211	206	114.25	185.25	193.75	118	107	117.5	121.25	192.75	174	234.75	179	190.25	114	201.25	108.75	109.75	122.25	185.25	192	214	184.75	119.75	212.5	177.5	113.75	184.5	110.5	219.75	187	172.25	112.5	210.25	211.5	128.25	119.25	
0.0001512	35	190.5	105	197.5	203.25	120	106.25	209	119.25	187.75	116.5	212	114.75	207.75	194.25	198.5	113.5	121	198.5	111.5	174	112.75	212.5	209.5	123	195.5	193.75	117.25	118.75	107.25	189.25	204.5	117.25	193.25	115.75	222	191	108.5	207	187.25	112.25	193.5	207.5	104.5	122.5	193	198.75	179.75	222.5	194.25	111.75	117	201.75	194.25	109.25	215.75	113.75	110	104.5	122.5	176.75	201.75	182	114.75	183	111.25	199.25	111.75	171	189	107.25	
0.0001533	35	114.5	106.25	131	115.25	122.75	110	110	215.5	201.75	112	210	174.5	186.75	180.5	113	113.25	113.25	123.5	193.75	200.5	214.25	109	205	182.5	195.75	114.75	111.25	105.5	191.25	201.5	178.5	113	124.75	163.5	192.75	207	120	113.75	222.5	127.75	115.25	116	111	118	117.25	177.25	117.75	117.75	190.75	117.75	129.25	118.5	202.5	116	119	113	110.75	112.5	172.5	113.5	202.25	126.5	202	116.5	111.25	195.5	113.5	185.5	205.5	109	
0.0001554	35	199.75	113	112.5	109.25	108.75	111.25	115	111.75	119	230.75	124.25	197.25	201.75	196.25	115.25	186.75	105.25	222.25	124.25	181.5	225.25	112.25	124	113.5	121.75	113.25	215.5	184.25	189.5	213.5	191.25	211.5	207.25	196	203.75	120	116.75	113.25	133.75	109.25	202.75	109.5	106.5	184	205	117.5	117.75	105.25	119.25	208	174.5	112.5	204	193	119.5	180.25	119.25	185.75	184	195.5	203	109	120	184.75	109.5	189.5	180.25	114.5	184	117.5	
0.0001575	35	114.25	183.5	118.25	110	115.75	115.75	110	178.75	122.75	184.75	117	211.75	215	203.75	109.75	126.75	112	174.5	203.75	118	115.75	210	107.75	110.5	219	183.25	188.25	169.25	117	202.25	117.75	109.75	118	206.75	192.25	187.25	122	125.25	192	107	213.75	115.25	208.75	200.5	211.5	118.5	163.75	208.25	205.75	181.5	184.75	232.25	188.25	204	193.75	126.5	183.25	229	112.5	187	218.25	217	119.75	106	109	180	200.75	118	192	131.25	
0.0001596	35	180	197.5	117	103.5	120.75	229.5	178	216	118.75	174.75	108.5	116.5	112.5	114.25	176.5	128.75	213.5	197.5	112.5	156	169.5	125	113.25	178	114	184.25	188.5	112	216.75	122	202.75	115.75	172.25	170.5	114.75	183.5	119	122.75	116.25	112.5	217.25	187	171	195	193.5	182.75	123.25	119.5	208.5	192.75	110.75	194.25	115.5	116.75	113.25	109	176	116	113	170	198	112.75	189.25	124	115.75	123.5	195.25	202.75	123.25	184	
0.0001617	35	109.75	223	111.25	187.75	179	194.75	184.5	106.5	179.75	112.25	197.75	198.25	120	200	198.5	204.5	117.5	214	115.75	203.5	109.25	205	110.75	184.5	113.5	105.75	223	115.25	129.5	200.25	128	214	112.25	111	108.25	115	193.25	197.75	123	206	115.5	119.25	108.25	178.5	169	201.75	116.75	117.5	114.25	110.5	114	199	117	113	105.25	190	212.25	117	220	109.75	119.5	203	118.25	120.25	184.5	208.75	184.75	110.25	120	192	
0.0001638	35	114.25	191.25	192	111.25	191.75	119.75	181.25	128	200.25	110.5	112.75	113	189	114.75	104.5	198.25	111.5	112	204.75	114.25	186	112.25	193.25	116.75	213.25	125	195.75	113.5	183.5	111.5	108.75	128	176.5	110	114	200.75	194.5	120.5	228.5	122.5	109.25	177.75	195.25	110	116.75	116.75	123.75	191.5	109.5	108.25	175.25	120.75	163	118	182.5	118.75	115.5	107.75	116	110	186.5	108.5	203.75	193.75	104.25	125	113	224	172	117.25	
0.0001659	35	175	115.75	177.25	117	118.25	106.25	196	112	190.75	115.25	197.75	211.75	214.75	115.25	108.25	196.75	180.25	118.75	118	188.25	109.5	128.5	118.5	202	122	185.75	109.25	194.75	188.25	113	116.5	106	114.5	120.5	196.75	181.75	110.5	218	197.75	109.5	120.5	117.25	133.25	107	200	120.5	188.25	188.75	203.5	166.25	213.5	187	218.75	105.5	196.5	111.5	202.25	177.75	176.25	109.75	229.25	121.25	122.75	116.75	120.25	217.25	119.75	111	196.75	106.5	
0.000168	35	125	222.25	183.75	198	171.75	122.75	117.5	110.5	122.5	116.5	124.75	115.5	123	113.5	115	113.5	210.5	108.5	123.75	104.5	121.5	123.25	231.25	193.25	110.25	207.75	172.25	105.75	220.75	197.25	126.75	191.25	188.5	205.75	106.75	106.5	180.25	113.25	109.75	181.75	203.75	121.75	189.75	194	121.5	109.25	230.75	177.5	202.5	116.5	119	191	130	188	111.25	189.5	177.25	114.25	202.5	111.25	111.5	113	219.5	187.25	130.5	119	108.5	193.5	204.25	188.25	
0.0001701	35	201	173	130.25	115.25	173.25	170	124.25	191.5	183.25	202	114	119.75	222	192.5	123.5	173.75	204.25	196	224.25	111.5	193.75	119	189	173	192.25	182.5	109	115	200.75	104.5	116.25	198.25	124.5	188.5	190.75	119.25	207.75	132.75	118	175	111.5	127.5	111.5	212.25	199.75	192.25	126.5	121.5	117.25	207.25	111.25	192.75	194.75	109.75	126	115.5	178.75	189.75	111.75	193.75	114.25	111	202.75	115	180.5	198.5	114.25	120.5	218.25	193	
0.0001722	35	197.5	118	163.75	122	116.5	179.25	122.25	183.5	107.25	235.5	199.5	180.25	168.5	199.25	109.5	177.25	220.75	209.25	110.5	183.75	109	190	178.25	123.75	106.25	112.75	133.75	168.25	115.25	222.5	229	215.25	115	117.25	172.5	199	117.5	112.75	114.5	108	112.25	225.5	182.25	105	207.5	122.5	181	202	191.5	207.5	113	216	182.75	120.25	106	120.25	109.75	205.25	208.5	213.5	191	119.75	186.25	184.75	223.25	112.25	202.5	193	108.75	194.5	
0.0001743	35	192.25	191.75	116.75	175.5	224.75	208	124.25	107.75	117.75	114.5	127.5	190.25	115.5	111.75	114	189.5	198.75	201	116.5	111.25	224.75	122	122.75	113.5	190	129.25	205.5	187.5	179.5	185.5	124.25	118.75	117.75	203.5	210.25	109	170.75	205	200	114.25	111.5	192	195.5	196.5	110.5	182.25	230	206.25	216.25	200	189.5	127.25	120.5	199.25	199.75	115.5	118.5	180.5	210.75	112.5	132	224.25	187	116.5	191.75	114.5	131	113.5	193.25	196.5	
0.0001764	35	119	191.25	124.5	184.25	193.25	106.75	181.25	114.5	118.25	106.75	118	112.75	221.75	194	115.25	208	121.5	121.25	122.25	197.25	120.75	216.75	114.5	108.25	110	108	191.5	110	121	106.5	185.5	196	117.25	112.5	117.75	114.25	106.25	177.25	192.25	117	208.75	118.25	115.5	114.25	109.25	195	190.75	186.5	215.25	188.25	128.5	117.5	106.75	176.75	187.75	120	205	185.75	107.5	111.25	188.25	179.75	204	172	129.5	181.25	118.25	117.25	180	206.75	
0.0001785	35	111.5	113.25	199	115	122	127.75	190	115	199	197.75	222.5	121	104.5	178.5	182.75	106.5	127.25	118.25	209.75	170.25	199	106	188	212.25	204.5	105.25	116.75	120	117.25	107.25	192.75	119	108	110.25	206.25	106.5	178.5	112.25	184	122	125.75	197.5	177	111.25	121.25	110.75	114.75	108	117.5	113.25	192.5	110.75	110.75	174.5	190.5	118.25	112.75	122.75	110.25	192.75	121.5	123.5	122.25	184.25	117.5	119.25	127.75	176.5	186.25	109.5	
0.0001806	35	177	105.5	203.75	214.5	199.5	167.75	112.5	178	171.75	200.25	220.5	180.75	113.5	184.5	114.25	128.25	211.75	193.5	194.25	156.25	189.5	194.25	113.25	112.5	121.5	109.25	204	113.25	128.5	111	113.25	125	224	114	194	115.75	175.25	119.5	110.25	111	227.25	116.25	200	106.25	120.5	211.5	122.75	201.5	201.5	177.5	112.75	116	193.75	200.75	188	133.5	106	125.75	199.5	110.25	116.5	113.25	188.5	187.25	116.75	199.5	185.75	193	116.75	200.75	
0.0001827	35	116.25	200	112.25	115.25	202	203.75	120	107.75	104.25	110.75	212	118.5	193.75	207.25	169.75	214.25	194.5	215.5	200	188.25	202.25	111.5	213	174.5	198.75	111	129	180.25	172.25	108.75	114.5	116	118	180.5	172.25	178.5	111.5	107	128	182	188	209	113.5	195.5	190.25	111.5	179.25	121.5	119.75	202.5	200	103.5	117	191.5	192.75	203.75	231.5	102.75	107.5	111	117.5	116.5	114.5	179	200.75	192	178.75	206.25	114.25	194	
0.0001848	35	116	177.5	117.5	115.25	118	111	193	118	126	203.75	107	112.75	185	175.25	180.75	202.5	198.5	107.25	116.5	182.25	195	190.75	194.75	206.5	112	177	192.75	109	190.5	201.75	187.5	198.75	199.25	119.25	121.75	109	190.75	212.25	111.75	117.75	178.25	205.75	113.25	196.5	171.5	118	204.75	163	190.75	185.5	123.5	174.25	118.75	205.5	188.25	202.75	206	196.5	111.75	171	120	111.25	185.75	195	116.75	182.5	178	110.75	202.75	200	
0.0001869	35	196	111	191	122.25	205.75	225.75	110.25	188.75	199.5	118.25	165	116.25	117.25	116	186.5	106	204.75	109.25	209.5	143.5	205.25	124.75	216.75	119.75	211.75	197.25	205.25	107.5	195.25	113.5	190.25	116.75	188	230.5	208.25	215	120.25	176.5	187.5	115	125	126.5	112.5	107.5	112.5	172.25	203.5	213.75	196.5	207	110.5	193.75	111.25	122	199.75	181.75	111.75	119	204.5	214.5	201.25	111.75	208.25	203.75	207.75	106.75	113	113.75	182.25	189.25	
0.000189	35	219.25	212.75	196.25	111	187.5	109.25	116.75	105.75	189.25	208.5	120	111.75	111.25	116.75	196	181	124	122.25	113.25	121	110	205.5	120	203	117.25	113.25	112.5	112.75	232.5	189.75	204.75	121.25	186	221.5	185.75	188.75	220.25	109.75	209.5	185	198.25	192.75	115	125.25	119.75	207	112.75	108.25	172	116.75	205.25	120.75	192.75	196.25	191	197.25	164.75	176.25	129.25	187.25	107.25	117.25	196.25	114.25	206	115.25	110	198	119.75	180.75	
0.0001911	35	113	109.25	219.5	117.25	115	111.75	125.5	198	121	199	107.75	116	201.5	115.5	106.75	189.25	203	199.5	121.5	114.75	175.5	109.25	206.75	113.25	113.5	113.75	130.5	187.75	186	156.75	120.25	166.75	201.5	108.5	193.5	117	206.5	217.5	119	109.75	175.75	177.25	119	121.75	211.5	105.5	189.5	111.5	121.75	105.75	198.25	196.75	187	185.5	121	115.75	182.5	202.25	188.75	114.75	117	110.75	195.25	112.25	119.5	113.25	108.25	106	120.25	117.5	
0.0001932	35	121.5	111.5	174	200.75	124.25	201.25	117.25	118.5	117	224.5	193	215.25	182.5	124	187.5	196.5	112	107.25	196.25	125.25	209.75	116.75	176.75	183.25	109.25	163.25	123	202.5	225.75	106.25	195	180	121.5	121.25	108.75	109.5	196.5	117.75	219	210.25	188	122.75	113.5	211.75	208.25	108.75	127.25	182	203.5	195.75	110.75	110.75	111.5	116	200.75	180.5	215.5	137.25	119.25	112	189.5	213.25	113.75	119.5	197.75	184.25	217.75	110.5	109.25	217.25	
0.0001953	35	114.25	202.25	111.5	118.25	185	124.5	207.5	116.75	130.25	110	128	110	121.25	193.25	121.75	116.25	188	182.5	180.5	113.75	219	199.25	107.75	111.25	122.25	108.75	109.75	117	175.75	103.75	186	117.75	124.25	238	191.75	111.5	203.5	172.75	193.5	193.5	224.25	185	186.75	111	195.5	102.5	108.5	123.25	201.25	196.25	124.75	126	114	115.5	187.5	194	108.25	128.75	190.25	118	189	208	181	110.75	214.75	218	199.5	118.5	216.25	189.5	
0.0001974	35	113	193	208	189.25	177.75	182	114.25	185.75	113.75	206.25	185.5	201.25	203.5	105.5	186.75	113.25	178.75	216.25	125.5	154.75	121	193.25	177	108.5	187	172.25	211.75	186.5	212.25	119	181	237.25	204.75	121.25	110.5	114	118	180.5	205.75	198	193	191.75	197.5	111.25	112.25	167.25	115	182.5	120.5	194.75	195.75	187.5	181	193.75	203.25	195.25	193.75	186.75	209.5	222.5	187	114.75	180.75	213.25	194.75	218	240.5	117.75	110.75	233.5	
0.0001995	35	110	193.5	120	123	122.5	123.25	111	117.5	117	190.75	185.25	200	203.5	191.5	187.5	189.25	190.75	113.25	198.75	203.25	195.5	121.25	211	208.25	174	210.75	185.5	116.5	114	186	177	116.5	198	195	120.5	220	203.5	127.75	197.5	186.25	107.5	112	205.5	113.5	116.25	105	205.25	189.75	113.25	116.5	116	212	193.25	237.25	110	126.5	219.5	176.25	118.25	178.75	114	209.75	117.5	187.5	198.25	111.25	122	195.25	207.75	116	
